20 0.0000 80
20 0.0000 64
20 0.0000 33
20 0.0000 50
20 0.0000 35
20 0.0000 29
20 0.0000 26
20 0.0000 26
50 0.0010 118
50 0.0000 84
50 0.0010 68
50 0.0010 62
50 0.0000 53
50 0.0010 51
50 0.0020 51
50 0.0010 51
70 0.0000 156
70 0.0010 99
70 0.0010 76
70 0.0010 75
70 0.0020 73
70 0.0010 69
70 0.0030 70
70 0.0020 69
90 0.0010 186
90 0.0020 111
90 0.0010 101
90 0.0010 93
90 0.0020 89
90 0.0030 89
90 0.0030 89
90 0.0031 89
100 0.0010 173
100 0.0020 115
100 0.0020 102
100 0.0030 101
100 0.0040 100
100 0.0030 100
100 0.0037 99
100 0.0034 99
120 0.0020 199
120 0.0020 127
120 0.0050 120
120 0.0030 119
120 0.0040 120
120 0.0050 120
120 0.0060 119
120 0.0050 119
150 0.0020 192
150 0.0041 160
150 0.0034 150
150 0.0040 149
150 0.0072 149
150 0.0071 149
150 0.0079 149
150 0.0150 149
180 0.0030 210
180 0.0033 187
180 0.0090 181
180 0.0083 179
180 0.0081 179
180 0.0095 179
180 0.0120 179
180 0.0140 179
200 0.0040 236
200 0.0040 202
200 0.0061 199
200 0.0080 199
200 0.0172 199
200 0.0121 199
200 0.0150 199
200 0.0181 199
20 0.0000 94
20 0.0000 82
20 0.0000 45
20 0.0000 44
20 0.0000 33
20 0.0000 33
20 0.0010 28
20 0.0000 27
50 0.0010 140
50 0.0010 88
50 0.0010 70
50 0.0010 55
50 0.0000 52
50 0.0000 51
50 0.0010 49
50 0.0010 51
70 0.0010 165
70 0.0010 97
70 0.0020 77
70 0.0020 75
70 0.0024 70
70 0.0030 70
70 0.0011 69
70 0.0020 70
90 0.0010 165
90 0.0010 107
90 0.0010 98
90 0.0040 94
90 0.0020 90
90 0.0030 89
90 0.0030 89
90 0.0040 89
100 0.0010 174
100 0.0020 112
100 0.0020 108
100 0.0020 101
100 0.0031 99
100 0.0030 99
100 0.0030 99
100 0.0040 99
120 0.0020 205
120 0.0030 129
120 0.0021 122
120 0.0030 120
120 0.0040 120
120 0.0060 119
120 0.0060 119
120 0.0052 119
150 0.0021 187
150 0.0051 156
150 0.0070 151
150 0.0050 149
150 0.0060 149
150 0.0081 149
150 0.0081 149
150 0.0111 149
180 0.0030 234
180 0.0045 187
180 0.0060 179
180 0.0070 181
180 0.0101 179
180 0.0117 179
180 0.0141 179
180 0.0153 179
200 0.0063 225
200 0.0081 200
200 0.0132 200
200 0.0091 199
200 0.0100 199
200 0.0132 199
200 0.0158 199
200 0.0180 199
20 0.0000 79
20 0.0000 75
20 0.0000 54
20 0.0010 39
20 0.0000 28
20 0.0000 33
20 0.0000 24
20 0.0000 27
50 0.0000 145
50 0.0010 90
50 0.0000 60
50 0.0010 68
50 0.0010 55
50 0.0010 51
50 0.0010 51
50 0.0020 51
70 0.0010 168
70 0.0000 109
70 0.0020 81
70 0.0010 71
70 0.0020 72
70 0.0020 69
70 0.0020 69
70 0.0040 69
90 0.0010 166
90 0.0020 106
90 0.0010 96
90 0.0030 93
90 0.0021 89
90 0.0020 89
90 0.0030 89
90 0.0030 89
100 0.0010 179
100 0.0020 117
100 0.0020 105
100 0.0020 100
100 0.0041 100
100 0.0030 99
100 0.0040 100
100 0.0070 100
120 0.0010 184
120 0.0020 131
120 0.0040 124
120 0.0060 119
120 0.0061 119
120 0.0077 119
120 0.0051 119
120 0.0060 119
150 0.0020 212
150 0.0040 157
150 0.0040 152
150 0.0080 149
150 0.0060 149
150 0.0060 149
150 0.0091 149
150 0.0095 149
180 0.0030 222
180 0.0050 185
180 0.0080 180
180 0.0067 179
180 0.0137 179
180 0.0100 179
180 0.0125 179
180 0.0151 179
200 0.0040 227
200 0.0080 202
200 0.0105 200
200 0.0081 199
200 0.0106 199
200 0.0133 199
200 0.0161 199
200 0.0196 199
20 0.0000 100
20 0.0000 91
20 0.0000 36
20 0.0000 46
20 0.0000 31
20 0.0000 38
20 0.0000 25
20 0.0000 25
50 0.0000 136
50 0.0000 95
50 0.0000 58
50 0.0010 58
50 0.0010 55
50 0.0021 51
50 0.0010 51
50 0.0020 49
70 0.0010 171
70 0.0010 101
70 0.0020 84
70 0.0020 74
70 0.0020 71
70 0.0030 69
70 0.0010 69
70 0.0020 69
90 0.0010 152
90 0.0010 97
90 0.0020 91
90 0.0030 94
90 0.0021 90
90 0.0030 89
90 0.0041 89
90 0.0030 89
100 0.0010 153
100 0.0010 118
100 0.0030 102
100 0.0020 101
100 0.0021 101
100 0.0030 99
100 0.0030 99
100 0.0040 99
120 0.0010 193
120 0.0030 138
120 0.0021 123
120 0.0030 121
120 0.0050 119
120 0.0050 119
120 0.0050 119
120 0.0055 119
150 0.0030 208
150 0.0040 155
150 0.0060 150
150 0.0040 149
150 0.0060 149
150 0.0070 149
150 0.0080 149
150 0.0090 149
180 0.0031 216
180 0.0060 185
180 0.0091 181
180 0.0111 179
180 0.0091 179
180 0.0120 179
180 0.0130 179
180 0.0162 179
200 0.0040 227
200 0.0081 201
200 0.0070 200
200 0.0090 200
200 0.0110 199
200 0.0131 199
200 0.0140 199
200 0.0180 199
20 0.0000 95
20 0.0000 55
20 0.0000 62
20 0.0000 36
20 0.0000 30
20 0.0000 32
20 0.0010 25
20 0.0000 26
50 0.0010 150
50 0.0010 90
50 0.0010 69
50 0.0000 58
50 0.0010 51
50 0.0010 53
50 0.0000 49
50 0.0010 49
70 0.0000 131
70 0.0010 89
70 0.0010 88
70 0.0011 74
70 0.0020 71
70 0.0030 71
70 0.0030 70
70 0.0010 69
90 0.0010 158
90 0.0010 107
90 0.0020 96
90 0.0030 90
90 0.0020 91
90 0.0020 89
90 0.0020 89
90 0.0040 89
100 0.0010 177
100 0.0020 122
100 0.0030 105
100 0.0030 102
100 0.0050 102
100 0.0030 100
100 0.0035 99
100 0.0040 99
120 0.0010 197
120 0.0010 135
120 0.0040 122
120 0.0030 120
120 0.0040 120
120 0.0040 119
120 0.0090 119
120 0.0060 119
150 0.0030 186
150 0.0040 156
150 0.0040 154
150 0.0080 149
150 0.0070 149
150 0.0071 149
150 0.0080 149
150 0.0090 149
180 0.0041 210
180 0.0030 187
180 0.0091 180
180 0.0070 179
180 0.0091 179
180 0.0153 179
180 0.0140 179
180 0.0142 179
200 0.0035 243
200 0.0080 207
200 0.0110 199
200 0.0080 199
200 0.0102 199
200 0.0130 199
200 0.0156 199
200 0.0173 199
20 0.0000 90
20 0.0000 47
20 0.0000 72
20 0.0000 42
20 0.0000 47
20 0.0000 37
20 0.0000 23
20 0.0000 22
50 0.0000 151
50 0.0000 88
50 0.0010 70
50 0.0008 56
50 0.0010 52
50 0.0010 54
50 0.0021 51
50 0.0010 49
70 0.0011 157
70 0.0010 91
70 0.0020 84
70 0.0020 74
70 0.0010 70
70 0.0020 70
70 0.0021 70
70 0.0020 69
90 0.0010 184
90 0.0010 105
90 0.0020 98
90 0.0020 90
90 0.0020 91
90 0.0020 89
90 0.0020 89
90 0.0030 89
100 0.0010 192
100 0.0020 119
100 0.0030 103
100 0.0020 101
100 0.0020 100
100 0.0030 99
100 0.0040 99
100 0.0040 99
120 0.0020 208
120 0.0030 132
120 0.0050 124
120 0.0050 119
120 0.0070 119
120 0.0041 119
120 0.0060 119
120 0.0060 119
150 0.0030 209
150 0.0030 153
150 0.0040 149
150 0.0050 149
150 0.0055 149
150 0.0071 149
150 0.0136 149
150 0.0093 149
180 0.0035 218
180 0.0040 181
180 0.0051 180
180 0.0061 179
180 0.0144 179
180 0.0106 179
180 0.0130 179
180 0.0142 179
200 0.0040 235
200 0.0040 205
200 0.0061 199
200 0.0140 199
200 0.0110 199
200 0.0143 199
200 0.0151 199
200 0.0170 199
20 0.0000 77
20 0.0000 72
20 0.0000 41
20 0.0000 36
20 0.0000 35
20 0.0010 27
20 0.0000 25
20 0.0010 25
50 0.0000 117
50 0.0000 87
50 0.0010 65
50 0.0010 56
50 0.0000 54
50 0.0010 50
50 0.0010 49
50 0.0011 51
70 0.0000 147
70 0.0010 89
70 0.0010 81
70 0.0010 75
70 0.0015 71
70 0.0021 71
70 0.0030 69
70 0.0020 69
90 0.0010 168
90 0.0020 124
90 0.0020 96
90 0.0020 93
90 0.0020 89
90 0.0030 89
90 0.0030 89
90 0.0061 89
100 0.0011 171
100 0.0010 112
100 0.0020 106
100 0.0020 101
100 0.0030 99
100 0.0040 99
100 0.0040 99
100 0.0040 99
120 0.0020 192
120 0.0030 131
120 0.0020 122
120 0.0031 120
120 0.0040 120
120 0.0052 119
120 0.0060 119
120 0.0060 119
150 0.0020 193
150 0.0030 156
150 0.0040 155
150 0.0052 149
150 0.0050 149
150 0.0085 149
150 0.0079 149
150 0.0100 149
180 0.0030 215
180 0.0060 188
180 0.0063 179
180 0.0072 179
180 0.0142 179
180 0.0111 179
180 0.0132 179
180 0.0140 179
200 0.0050 237
200 0.0040 202
200 0.0102 199
200 0.0082 199
200 0.0115 199
200 0.0262 199
200 0.0175 199
200 0.0180 199
20 0.0000 85
20 0.0000 64
20 0.0000 33
20 0.0000 39
20 0.0010 38
20 0.0000 24
20 0.0000 26
20 0.0000 23
50 0.0010 157
50 0.0000 80
50 0.0000 72
50 0.0000 61
50 0.0000 54
50 0.0010 54
50 0.0010 51
50 0.0010 49
70 0.0010 163
70 0.0020 103
70 0.0010 78
70 0.0010 75
70 0.0020 74
70 0.0030 69
70 0.0020 69
70 0.0020 69
90 0.0010 165
90 0.0010 106
90 0.0030 94
90 0.0030 91
90 0.0030 89
90 0.0030 89
90 0.0030 89
90 0.0030 89
100 0.0010 167
100 0.0020 136
100 0.0030 101
100 0.0020 102
100 0.0050 99
100 0.0030 100
100 0.0040 99
100 0.0040 99
120 0.0020 157
120 0.0020 139
120 0.0030 124
120 0.0060 120
120 0.0040 119
120 0.0080 119
120 0.0050 119
120 0.0060 119
150 0.0020 197
150 0.0035 159
150 0.0040 152
150 0.0070 149
150 0.0061 149
150 0.0080 149
150 0.0080 149
150 0.0090 149
180 0.0030 211
180 0.0060 186
180 0.0105 180
180 0.0065 179
180 0.0090 179
180 0.0100 179
180 0.0120 179
180 0.0140 179
200 0.0041 235
200 0.0080 203
200 0.0105 199
200 0.0131 199
200 0.0112 199
200 0.0131 199
200 0.0181 199
200 0.0218 199
20 0.0000 86
20 0.0000 69
20 0.0000 63
20 0.0000 38
20 0.0010 25
20 0.0000 31
20 0.0010 30
20 0.0000 24
50 0.0000 142
50 0.0000 87
50 0.0010 57
50 0.0010 56
50 0.0010 57
50 0.0010 51
50 0.0010 51
50 0.0020 50
70 0.0010 147
70 0.0010 88
70 0.0010 80
70 0.0010 78
70 0.0010 70
70 0.0020 70
70 0.0021 69
70 0.0020 69
90 0.0010 183
90 0.0020 114
90 0.0020 93
90 0.0030 89
90 0.0040 90
90 0.0020 89
90 0.0030 89
90 0.0041 89
100 0.0010 184
100 0.0020 119
100 0.0010 104
100 0.0030 101
100 0.0030 100
100 0.0035 100
100 0.0040 99
100 0.0040 99
120 0.0020 188
120 0.0030 140
120 0.0040 121
120 0.0050 119
120 0.0041 120
120 0.0041 120
120 0.0058 119
120 0.0100 119
150 0.0030 196
150 0.0040 158
150 0.0060 152
150 0.0050 149
150 0.0060 149
150 0.0133 149
150 0.0081 149
150 0.0091 149
180 0.0030 234
180 0.0034 182
180 0.0050 180
180 0.0071 180
180 0.0145 179
180 0.0100 179
180 0.0120 179
180 0.0152 179
200 0.0040 236
200 0.0050 202
200 0.0070 199
200 0.0161 199
200 0.0130 199
200 0.0150 199
200 0.0180 199
200 0.0203 199
20 0.0000 54
20 0.0000 65
20 0.0000 46
20 0.0000 36
20 0.0010 30
20 0.0000 30
20 0.0000 27
20 0.0000 24
50 0.0010 150
50 0.0001 79
50 0.0010 72
50 0.0010 58
50 0.0000 54
50 0.0010 49
50 0.0010 49
50 0.0011 50
70 0.0000 163
70 0.0010 92
70 0.0010 82
70 0.0010 77
70 0.0010 71
70 0.0020 71
70 0.0020 69
70 0.0020 69
90 0.0010 164
90 0.0010 102
90 0.0010 98
90 0.0030 90
90 0.0030 90
90 0.0040 89
90 0.0020 89
90 0.0040 89
100 0.0010 165
100 0.0020 113
100 0.0030 102
100 0.0020 101
100 0.0030 100
100 0.0030 99
100 0.0040 99
100 0.0040 99
120 0.0010 195
120 0.0030 127
120 0.0025 124
120 0.0060 119
120 0.0031 119
120 0.0040 119
120 0.0040 119
120 0.0060 119
150 0.0020 214
150 0.0020 154
150 0.0055 152
150 0.0050 149
150 0.0051 149
150 0.0080 149
150 0.0080 149
150 0.0100 149
180 0.0031 234
180 0.0060 182
180 0.0101 181
180 0.0061 179
180 0.0090 179
180 0.0110 179
180 0.0126 179
180 0.0140 179
200 0.0031 241
200 0.0070 202
200 0.0062 199
200 0.0091 200
200 0.0201 199
200 0.0152 199
200 0.0180 199
200 0.0190 199
20 0.0000 78
20 0.0000 46
20 0.0000 41
20 0.0000 53
20 0.0000 33
20 0.0000 30
20 0.0000 30
20 0.0000 20
50 0.0000 147
50 0.0000 96
50 0.0000 72
50 0.0000 55
50 0.0000 53
50 0.0010 50
50 0.0010 50
50 0.0010 49
70 0.0010 152
70 0.0010 87
70 0.0010 78
70 0.0010 77
70 0.0010 71
70 0.0020 70
70 0.0020 69
70 0.0020 70
90 0.0010 170
90 0.0010 98
90 0.0020 95
90 0.0020 94
90 0.0030 90
90 0.0020 89
90 0.0050 89
90 0.0030 89
100 0.0010 167
100 0.0010 125
100 0.0010 104
100 0.0030 99
100 0.0030 100
100 0.0030 99
100 0.0031 99
100 0.0040 99
120 0.0030 174
120 0.0030 133
120 0.0040 121
120 0.0050 119
120 0.0030 119
120 0.0041 119
120 0.0051 119
120 0.0112 119
150 0.0020 199
150 0.0040 159
150 0.0061 150
150 0.0050 149
150 0.0060 149
150 0.0070 149
150 0.0080 149
150 0.0090 149
180 0.0050 229
180 0.0060 191
180 0.0050 179
180 0.0130 179
180 0.0091 179
180 0.0120 179
180 0.0125 179
180 0.0140 179
200 0.0040 231
200 0.0071 205
200 0.0131 199
200 0.0163 199
200 0.0121 199
200 0.0150 199
200 0.0172 199
200 0.0203 199
20 0.0000 70
20 0.0000 66
20 0.0000 62
20 0.0000 52
20 0.0000 26
20 0.0000 34
20 0.0000 28
20 0.0000 24
50 0.0000 151
50 0.0000 94
50 0.0010 59
50 0.0011 53
50 0.0010 50
50 0.0010 52
50 0.0010 50
50 0.0010 49
70 0.0010 177
70 0.0010 90
70 0.0010 83
70 0.0010 69
70 0.0010 72
70 0.0010 72
70 0.0020 69
70 0.0020 69
90 0.0000 196
90 0.0010 121
90 0.0010 93
90 0.0020 94
90 0.0020 89
90 0.0030 90
90 0.0032 89
90 0.0030 89
100 0.0010 189
100 0.0020 111
100 0.0032 100
100 0.0020 101
100 0.0030 100
100 0.0030 99
100 0.0040 99
100 0.0050 99
120 0.0020 184
120 0.0020 128
120 0.0046 121
120 0.0052 119
120 0.0030 119
120 0.0050 119
120 0.0050 119
120 0.0080 119
150 0.0030 201
150 0.0046 163
150 0.0031 154
150 0.0051 149
150 0.0050 149
150 0.0070 149
150 0.0081 149
150 0.0105 149
180 0.0030 228
180 0.0030 187
180 0.0050 179
180 0.0070 179
180 0.0077 179
180 0.0103 179
180 0.0121 179
180 0.0146 179
200 0.0031 226
200 0.0041 205
200 0.0060 200
200 0.0100 199
200 0.0130 199
200 0.0143 199
200 0.0174 199
200 0.0195 199
20 0.0000 71
20 0.0000 51
20 0.0000 66
20 0.0000 34
20 0.0000 49
20 0.0000 22
20 0.0000 24
20 0.0010 24
50 0.0000 171
50 0.0000 91
50 0.0010 64
50 0.0011 62
50 0.0000 54
50 0.0011 52
50 0.0010 51
50 0.0010 50
70 0.0010 136
70 0.0010 98
70 0.0020 74
70 0.0020 73
70 0.0020 71
70 0.0020 69
70 0.0020 69
70 0.0020 69
90 0.0010 161
90 0.0021 114
90 0.0010 93
90 0.0020 92
90 0.0020 90
90 0.0030 89
90 0.0021 90
90 0.0030 89
100 0.0010 158
100 0.0010 117
100 0.0020 102
100 0.0020 101
100 0.0020 100
100 0.0041 99
100 0.0040 99
100 0.0041 99
120 0.0020 192
120 0.0020 129
120 0.0042 126
120 0.0050 119
120 0.0040 120
120 0.0044 119
120 0.0050 119
120 0.0060 119
150 0.0031 202
150 0.0040 154
150 0.0060 151
150 0.0050 149
150 0.0060 149
150 0.0073 149
150 0.0100 149
150 0.0121 149
180 0.0030 215
180 0.0060 184
180 0.0070 179
180 0.0080 179
180 0.0103 179
180 0.0127 179
180 0.0142 179
180 0.0151 179
200 0.0041 239
200 0.0041 202
200 0.0112 200
200 0.0151 199
200 0.0116 199
200 0.0131 199
200 0.0160 199
200 0.0197 199
20 0.0000 75
20 0.0010 42
20 0.0000 51
20 0.0000 33
20 0.0000 32
20 0.0000 36
20 0.0000 25
20 0.0010 26
50 0.0000 159
50 0.0010 86
50 0.0000 72
50 0.0010 56
50 0.0010 55
50 0.0010 52
50 0.0010 49
50 0.0010 50
70 0.0000 169
70 0.0000 103
70 0.0020 76
70 0.0010 74
70 0.0020 71
70 0.0010 70
70 0.0020 69
70 0.0020 70
90 0.0010 160
90 0.0020 95
90 0.0030 99
90 0.0020 90
90 0.0020 89
90 0.0030 89
90 0.0030 89
90 0.0041 89
100 0.0010 172
100 0.0020 117
100 0.0030 101
100 0.0020 100
100 0.0040 101
100 0.0030 99
100 0.0042 99
100 0.0037 99
120 0.0010 169
120 0.0020 136
120 0.0041 122
120 0.0030 119
120 0.0030 119
120 0.0052 119
120 0.0050 119
120 0.0060 119
150 0.0030 216
150 0.0020 155
150 0.0064 152
150 0.0071 149
150 0.0091 149
150 0.0116 149
150 0.0091 149
150 0.0091 149
180 0.0030 237
180 0.0040 185
180 0.0092 181
180 0.0078 179
180 0.0080 179
180 0.0102 179
180 0.0113 179
180 0.0140 179
200 0.0042 230
200 0.0042 199
200 0.0062 199
200 0.0082 199
200 0.0111 199
200 0.0132 199
200 0.0160 199
200 0.0186 199
20 0.0000 83
20 0.0000 60
20 0.0000 43
20 0.0000 29
20 0.0000 37
20 0.0000 34
20 0.0000 32
20 0.0000 25
50 0.0000 149
50 0.0000 98
50 0.0010 78
50 0.0000 61
50 0.0010 57
50 0.0011 49
50 0.0010 50
50 0.0010 50
70 0.0000 148
70 0.0011 98
70 0.0010 78
70 0.0011 71
70 0.0021 70
70 0.0020 72
70 0.0020 69
70 0.0024 69
90 0.0010 191
90 0.0020 106
90 0.0020 94
90 0.0020 91
90 0.0020 89
90 0.0031 89
90 0.0030 90
90 0.0061 89
100 0.0010 171
100 0.0010 111
100 0.0030 105
100 0.0020 102
100 0.0020 100
100 0.0050 99
100 0.0040 99
100 0.0041 99
120 0.0020 180
120 0.0030 135
120 0.0021 126
120 0.0031 119
120 0.0042 119
120 0.0081 119
120 0.0050 119
120 0.0050 119
150 0.0020 182
150 0.0030 158
150 0.0030 150
150 0.0080 152
150 0.0100 149
150 0.0081 149
150 0.0142 149
150 0.0101 149
180 0.0030 227
180 0.0040 188
180 0.0050 179
180 0.0070 179
180 0.0101 179
180 0.0123 179
180 0.0130 179
180 0.0151 179
200 0.0031 231
200 0.0050 205
200 0.0060 199
200 0.0091 199
200 0.0110 199
200 0.0131 199
200 0.0150 199
200 0.0171 199
20 0.0000 80
20 0.0000 68
20 0.0000 34
20 0.0000 46
20 0.0000 34
20 0.0000 32
20 0.0000 29
20 0.0010 24
50 0.0000 159
50 0.0000 102
50 0.0010 66
50 0.0010 60
50 0.0000 51
50 0.0010 52
50 0.0010 50
50 0.0010 49
70 0.0010 149
70 0.0010 91
70 0.0010 81
70 0.0021 71
70 0.0020 72
70 0.0021 70
70 0.0031 69
70 0.0021 69
90 0.0000 172
90 0.0010 112
90 0.0020 95
90 0.0020 90
90 0.0020 91
90 0.0031 89
90 0.0030 90
90 0.0031 89
100 0.0010 164
100 0.0020 107
100 0.0020 108
100 0.0021 100
100 0.0020 99
100 0.0030 99
100 0.0031 99
100 0.0041 99
120 0.0010 183
120 0.0040 128
120 0.0030 123
120 0.0030 119
120 0.0030 119
120 0.0042 119
120 0.0050 119
120 0.0051 119
150 0.0031 210
150 0.0040 160
150 0.0042 154
150 0.0051 149
150 0.0061 150
150 0.0071 149
150 0.0092 149
150 0.0100 149
180 0.0030 229
180 0.0065 186
180 0.0051 180
180 0.0070 179
180 0.0091 179
180 0.0110 179
180 0.0120 179
180 0.0151 179
200 0.0030 231
200 0.0070 201
200 0.0060 199
200 0.0080 199
200 0.0101 199
200 0.0133 199
200 0.0154 199
200 0.0181 199
20 0.0000 78
20 0.0000 78
20 0.0010 43
20 0.0000 44
20 0.0000 35
20 0.0000 37
20 0.0000 30
20 0.0000 25
50 0.0000 110
50 0.0010 82
50 0.0010 75
50 0.0000 54
50 0.0010 56
50 0.0020 52
50 0.0010 53
50 0.0010 49
70 0.0000 131
70 0.0010 93
70 0.0010 83
70 0.0010 75
70 0.0010 74
70 0.0010 71
70 0.0010 69
70 0.0020 69
90 0.0010 170
90 0.0010 110
90 0.0021 98
90 0.0010 92
90 0.0020 89
90 0.0020 89
90 0.0050 89
90 0.0030 89
100 0.0011 172
100 0.0011 121
100 0.0011 106
100 0.0020 100
100 0.0030 100
100 0.0030 100
100 0.0042 99
100 0.0044 99
120 0.0010 184
120 0.0031 139
120 0.0031 121
120 0.0030 120
120 0.0061 120
120 0.0051 119
120 0.0050 119
120 0.0056 119
150 0.0021 195
150 0.0041 157
150 0.0070 150
150 0.0041 149
150 0.0100 150
150 0.0076 149
150 0.0081 149
150 0.0091 149
180 0.0040 220
180 0.0061 187
180 0.0050 181
180 0.0071 179
180 0.0091 179
180 0.0183 179
180 0.0120 179
180 0.0150 179
200 0.0041 216
200 0.0070 201
200 0.0072 199
200 0.0092 199
200 0.0102 199
200 0.0133 199
200 0.0159 199
200 0.0183 199
20 0.0000 99
20 0.0000 57
20 0.0000 74
20 0.0000 50
20 0.0000 27
20 0.0000 31
20 0.0000 27
20 0.0000 25
50 0.0000 131
50 0.0000 84
50 0.0010 68
50 0.0010 62
50 0.0000 57
50 0.0000 53
50 0.0010 52
50 0.0010 53
70 0.0010 146
70 0.0010 88
70 0.0000 76
70 0.0015 71
70 0.0010 72
70 0.0010 71
70 0.0031 69
70 0.0020 69
90 0.0011 173
90 0.0010 107
90 0.0030 94
90 0.0030 91
90 0.0020 89
90 0.0030 89
90 0.0030 89
90 0.0031 89
100 0.0010 157
100 0.0010 134
100 0.0020 105
100 0.0037 100
100 0.0031 99
100 0.0030 100
100 0.0030 99
100 0.0041 99
120 0.0012 184
120 0.0030 133
120 0.0041 125
120 0.0030 120
120 0.0050 119
120 0.0052 119
120 0.0050 119
120 0.0061 119
150 0.0030 202
150 0.0040 153
150 0.0040 151
150 0.0050 149
150 0.0056 149
150 0.0070 150
150 0.0081 149
150 0.0090 149
180 0.0051 225
180 0.0041 180
180 0.0061 179
180 0.0132 180
180 0.0100 179
180 0.0121 179
180 0.0130 179
180 0.0161 179
200 0.0040 233
200 0.0072 201
200 0.0111 201
200 0.0100 199
200 0.0110 199
200 0.0141 199
200 0.0176 199
200 0.0191 199
20 0.0000 95
20 0.0000 61
20 0.0000 51
20 0.0000 41
20 0.0000 34
20 0.0000 33
20 0.0000 32
20 0.0000 23
50 0.0000 123
50 0.0010 86
50 0.0010 72
50 0.0011 60
50 0.0010 57
50 0.0005 51
50 0.0011 49
50 0.0010 49
70 0.0011 161
70 0.0010 110
70 0.0011 78
70 0.0020 76
70 0.0010 70
70 0.0020 71
70 0.0020 71
70 0.0020 69
90 0.0010 166
90 0.0010 110
90 0.0020 97
90 0.0020 89
90 0.0020 90
90 0.0020 90
90 0.0041 89
90 0.0040 89
100 0.0000 190
100 0.0020 114
100 0.0020 103
100 0.0020 103
100 0.0020 100
100 0.0030 99
100 0.0041 99
100 0.0041 99
120 0.0020 173
120 0.0030 137
120 0.0031 119
120 0.0030 119
120 0.0065 120
120 0.0071 119
120 0.0050 119
120 0.0051 119
150 0.0020 205
150 0.0040 161
150 0.0060 155
150 0.0040 149
150 0.0050 149
150 0.0071 149
150 0.0081 149
150 0.0096 149
180 0.0030 229
180 0.0060 184
180 0.0052 179
180 0.0070 179
180 0.0097 179
180 0.0110 179
180 0.0121 179
180 0.0158 179
200 0.0041 245
200 0.0081 205
200 0.0080 200
200 0.0081 199
200 0.0101 199
200 0.0127 199
200 0.0162 199
200 0.0171 199
20 0.0000 85
20 0.0000 60
20 0.0000 51
20 0.0000 44
20 0.0000 31
20 0.0000 34
20 0.0011 21
20 0.0000 26
50 0.0000 126
50 0.0010 88
50 0.0011 74
50 0.0010 59
50 0.0010 52
50 0.0010 52
50 0.0020 49
50 0.0020 49
70 0.0010 158
70 0.0010 107
70 0.0011 78
70 0.0020 71
70 0.0020 71
70 0.0020 71
70 0.0020 70
70 0.0020 69
90 0.0000 160
90 0.0010 108
90 0.0020 93
90 0.0010 90
90 0.0040 89
90 0.0041 89
90 0.0040 89
90 0.0050 89
100 0.0010 152
100 0.0020 117
100 0.0031 101
100 0.0030 102
100 0.0030 99
100 0.0031 99
100 0.0037 99
100 0.0041 99
120 0.0020 201
120 0.0022 134
120 0.0041 121
120 0.0020 122
120 0.0060 119
120 0.0041 120
120 0.0051 119
120 0.0061 119
150 0.0021 225
150 0.0051 156
150 0.0071 151
150 0.0051 150
150 0.0060 149
150 0.0071 149
150 0.0086 149
150 0.0101 149
180 0.0030 218
180 0.0060 186
180 0.0050 179
180 0.0118 179
180 0.0090 179
180 0.0101 179
180 0.0119 179
180 0.0132 179
200 0.0040 232
200 0.0071 201
200 0.0060 199
200 0.0140 199
200 0.0111 199
200 0.0134 199
200 0.0160 199
200 0.0178 199
