0.1 20 0.0000 73
0.2 20 0.0000 92
0.3 20 0.0000 43
0.4 20 0.0000 40
0.5 20 0.0000 31
0.6 20 0.0000 30
0.7 20 0.0000 27
0.8 20 0.0000 25
0.1 50 0.0008 155
0.2 50 0.0010 87
0.3 50 0.0010 60
0.4 50 0.0010 58
0.5 50 0.0010 57
0.6 50 0.0010 54
0.7 50 0.0010 49
0.8 50 0.0010 49
0.1 70 0.0010 146
0.2 70 0.0010 94
0.3 70 0.0020 88
0.4 70 0.0011 74
0.5 70 0.0010 71
0.6 70 0.0020 70
0.7 70 0.0020 69
0.8 70 0.0020 69
0.1 90 0.0020 180
0.2 90 0.0031 101
0.3 90 0.0031 97
0.4 90 0.0040 91
0.5 90 0.0030 89
0.6 90 0.0030 89
0.7 90 0.0041 89
0.8 90 0.0040 89
0.1 100 0.0020 193
0.2 100 0.0030 115
0.3 100 0.0035 103
0.4 100 0.0030 100
0.5 100 0.0040 101
0.6 100 0.0040 100
0.7 100 0.0040 99
0.8 100 0.0051 99
0.1 120 0.0030 177
0.2 120 0.0040 125
0.3 120 0.0060 123
0.4 120 0.0060 119
0.5 120 0.0051 119
0.6 120 0.0051 120
0.7 120 0.0062 119
0.8 120 0.0070 119
0.1 150 0.0051 212
0.2 150 0.0060 160
0.3 150 0.0060 152
0.4 150 0.0060 149
0.5 150 0.0121 149
0.6 150 0.0081 149
0.7 150 0.0098 149
0.8 150 0.0110 149
0.1 180 0.0071 230
0.2 180 0.0060 183
0.3 180 0.0121 179
0.4 180 0.0085 179
0.5 180 0.0111 179
0.6 180 0.0121 179
0.7 180 0.0130 179
0.8 180 0.0150 179
0.1 200 0.0080 239
0.2 200 0.0121 203
0.3 200 0.0146 199
0.4 200 0.0110 199
0.5 200 0.0130 199
0.6 200 0.0150 199
0.7 200 0.0173 199
0.8 200 0.0187 199
0.1 20 0.0000 64
0.2 20 0.0000 51
0.3 20 0.0000 54
0.4 20 0.0000 36
0.5 20 0.0000 24
0.6 20 0.0000 36
0.7 20 0.0000 30
0.8 20 0.0000 21
0.1 50 0.0000 116
0.2 50 0.0010 90
0.3 50 0.0010 85
0.4 50 0.0010 56
0.5 50 0.0010 51
0.6 50 0.0020 51
0.7 50 0.0020 50
0.8 50 0.0020 49
0.1 70 0.0010 144
0.2 70 0.0020 94
0.3 70 0.0020 77
0.4 70 0.0010 70
0.5 70 0.0010 71
0.6 70 0.0030 71
0.7 70 0.0020 69
0.8 70 0.0040 70
0.1 90 0.0020 172
0.2 90 0.0030 115
0.3 90 0.0030 91
0.4 90 0.0040 89
0.5 90 0.0031 90
0.6 90 0.0030 90
0.7 90 0.0060 89
0.8 90 0.0040 89
0.1 100 0.0020 183
0.2 100 0.0032 119
0.3 100 0.0040 108
0.4 100 0.0051 107
0.5 100 0.0041 99
0.6 100 0.0035 99
0.7 100 0.0040 99
0.8 100 0.0050 99
0.1 120 0.0030 182
0.2 120 0.0051 129
0.3 120 0.0061 123
0.4 120 0.0040 119
0.5 120 0.0050 119
0.6 120 0.0050 119
0.7 120 0.0055 119
0.8 120 0.0080 119
0.1 150 0.0050 198
0.2 150 0.0070 157
0.3 150 0.0082 150
0.4 150 0.0070 149
0.5 150 0.0131 149
0.6 150 0.0153 149
0.7 150 0.0101 149
0.8 150 0.0100 149
0.1 180 0.0071 220
0.2 180 0.0090 186
0.3 180 0.0121 179
0.4 180 0.0150 180
0.5 180 0.0121 179
0.6 180 0.0193 179
0.7 180 0.0135 179
0.8 180 0.0161 179
0.1 200 0.0090 238
0.2 200 0.0110 203
0.3 200 0.0101 199
0.4 200 0.0190 199
0.5 200 0.0131 199
0.6 200 0.0153 199
0.7 200 0.0163 199
0.8 200 0.0201 199
0.1 20 0.0000 81
0.2 20 0.0000 61
0.3 20 0.0000 42
0.4 20 0.0000 39
0.5 20 0.0000 28
0.6 20 0.0000 25
0.7 20 0.0000 24
0.8 20 0.0000 22
0.1 50 0.0000 108
0.2 50 0.0010 78
0.3 50 0.0010 69
0.4 50 0.0000 57
0.5 50 0.0000 56
0.6 50 0.0010 52
0.7 50 0.0020 50
0.8 50 0.0020 49
0.1 70 0.0010 143
0.2 70 0.0010 98
0.3 70 0.0020 80
0.4 70 0.0021 79
0.5 70 0.0030 75
0.6 70 0.0010 71
0.7 70 0.0031 69
0.8 70 0.0020 69
0.1 90 0.0020 152
0.2 90 0.0020 113
0.3 90 0.0030 93
0.4 90 0.0030 92
0.5 90 0.0040 89
0.6 90 0.0030 90
0.7 90 0.0050 89
0.8 90 0.0041 89
0.1 100 0.0020 162
0.2 100 0.0020 118
0.3 100 0.0040 106
0.4 100 0.0030 101
0.5 100 0.0030 100
0.6 100 0.0070 99
0.7 100 0.0040 99
0.8 100 0.0090 99
0.1 120 0.0040 175
0.2 120 0.0050 136
0.3 120 0.0030 125
0.4 120 0.0040 120
0.5 120 0.0050 119
0.6 120 0.0050 119
0.7 120 0.0060 119
0.8 120 0.0070 119
0.1 150 0.0051 218
0.2 150 0.0071 153
0.3 150 0.0092 150
0.4 150 0.0060 149
0.5 150 0.0076 149
0.6 150 0.0150 149
0.7 150 0.0100 149
0.8 150 0.0112 149
0.1 180 0.0072 220
0.2 180 0.0090 184
0.3 180 0.0071 179
0.4 180 0.0093 179
0.5 180 0.0101 179
0.6 180 0.0121 179
0.7 180 0.0130 179
0.8 180 0.0152 179
0.1 200 0.0111 229
0.2 200 0.0115 205
0.3 200 0.0085 200
0.4 200 0.0124 199
0.5 200 0.0220 199
0.6 200 0.0152 199
0.7 200 0.0170 199
0.8 200 0.0186 199
0.1 20 0.0000 76
0.2 20 0.0000 59
0.3 20 0.0000 38
0.4 20 0.0000 35
0.5 20 0.0000 41
0.6 20 0.0000 27
0.7 20 0.0000 26
0.8 20 0.0000 28
0.1 50 0.0000 126
0.2 50 0.0010 98
0.3 50 0.0010 71
0.4 50 0.0000 58
0.5 50 0.0010 55
0.6 50 0.0011 53
0.7 50 0.0010 51
0.8 50 0.0010 49
0.1 70 0.0010 139
0.2 70 0.0020 98
0.3 70 0.0020 76
0.4 70 0.0021 77
0.5 70 0.0020 70
0.6 70 0.0040 70
0.7 70 0.0020 70
0.8 70 0.0020 69
0.1 90 0.0020 189
0.2 90 0.0020 106
0.3 90 0.0030 97
0.4 90 0.0020 92
0.5 90 0.0031 91
0.6 90 0.0030 89
0.7 90 0.0040 90
0.8 90 0.0040 89
0.1 100 0.0021 182
0.2 100 0.0030 114
0.3 100 0.0020 105
0.4 100 0.0030 102
0.5 100 0.0030 100
0.6 100 0.0030 99
0.7 100 0.0041 99
0.8 100 0.0050 99
0.1 120 0.0031 172
0.2 120 0.0040 131
0.3 120 0.0051 121
0.4 120 0.0041 119
0.5 120 0.0051 119
0.6 120 0.0061 119
0.7 120 0.0061 119
0.8 120 0.0060 119
0.1 150 0.0060 190
0.2 150 0.0065 158
0.3 150 0.0100 153
0.4 150 0.0120 150
0.5 150 0.0071 149
0.6 150 0.0081 149
0.7 150 0.0162 149
0.8 150 0.0110 149
0.1 180 0.0072 235
0.2 180 0.0091 188
0.3 180 0.0121 180
0.4 180 0.0090 179
0.5 180 0.0102 179
0.6 180 0.0126 179
0.7 180 0.0140 179
0.8 180 0.0151 179
0.1 200 0.0125 230
0.2 200 0.0120 206
0.3 200 0.0153 199
0.4 200 0.0110 199
0.5 200 0.0130 199
0.6 200 0.0150 199
0.7 200 0.0167 199
0.8 200 0.0181 199
0.1 20 0.0000 71
0.2 20 0.0000 63
0.3 20 0.0000 67
0.4 20 0.0010 34
0.5 20 0.0000 38
0.6 20 0.0000 35
0.7 20 0.0000 27
0.8 20 0.0000 24
0.1 50 0.0000 118
0.2 50 0.0000 82
0.3 50 0.0010 67
0.4 50 0.0010 58
0.5 50 0.0010 59
0.6 50 0.0010 52
0.7 50 0.0010 50
0.8 50 0.0020 49
0.1 70 0.0010 164
0.2 70 0.0000 97
0.3 70 0.0020 82
0.4 70 0.0020 79
0.5 70 0.0020 72
0.6 70 0.0020 70
0.7 70 0.0021 71
0.8 70 0.0030 69
0.1 90 0.0020 160
0.2 90 0.0020 118
0.3 90 0.0041 95
0.4 90 0.0020 90
0.5 90 0.0021 89
0.6 90 0.0030 89
0.7 90 0.0060 89
0.8 90 0.0040 89
0.1 100 0.0020 153
0.2 100 0.0030 115
0.3 100 0.0020 105
0.4 100 0.0030 100
0.5 100 0.0050 99
0.6 100 0.0040 99
0.7 100 0.0041 99
0.8 100 0.0050 99
0.1 120 0.0030 189
0.2 120 0.0040 128
0.3 120 0.0060 124
0.4 120 0.0040 119
0.5 120 0.0050 120
0.6 120 0.0051 119
0.7 120 0.0060 119
0.8 120 0.0070 119
0.1 150 0.0050 204
0.2 150 0.0040 157
0.3 150 0.0053 150
0.4 150 0.0070 149
0.5 150 0.0111 149
0.6 150 0.0080 149
0.7 150 0.0100 149
0.8 150 0.0110 149
0.1 180 0.0090 220
0.2 180 0.0067 183
0.3 180 0.0121 179
0.4 180 0.0091 179
0.5 180 0.0110 179
0.6 180 0.0115 179
0.7 180 0.0140 179
0.8 180 0.0142 179
0.1 200 0.0087 238
0.2 200 0.0071 202
0.3 200 0.0091 200
0.4 200 0.0111 199
0.5 200 0.0141 199
0.6 200 0.0150 199
0.7 200 0.0158 199
0.8 200 0.0191 199
0.1 20 0.0000 62
0.2 20 0.0000 82
0.3 20 0.0000 45
0.4 20 0.0000 44
0.5 20 0.0000 44
0.6 20 0.0000 25
0.7 20 0.0000 25
0.8 20 0.0000 22
0.1 50 0.0000 150
0.2 50 0.0000 80
0.3 50 0.0010 70
0.4 50 0.0010 59
0.5 50 0.0021 55
0.6 50 0.0010 51
0.7 50 0.0010 52
0.8 50 0.0010 50
0.1 70 0.0010 191
0.2 70 0.0020 108
0.3 70 0.0021 76
0.4 70 0.0020 74
0.5 70 0.0020 71
0.6 70 0.0025 69
0.7 70 0.0031 69
0.8 70 0.0030 69
0.1 90 0.0010 146
0.2 90 0.0020 109
0.3 90 0.0030 96
0.4 90 0.0031 92
0.5 90 0.0030 92
0.6 90 0.0040 90
0.7 90 0.0041 89
0.8 90 0.0040 89
0.1 100 0.0020 168
0.2 100 0.0030 117
0.3 100 0.0030 103
0.4 100 0.0051 99
0.5 100 0.0035 100
0.6 100 0.0041 99
0.7 100 0.0050 99
0.8 100 0.0050 99
0.1 120 0.0031 176
0.2 120 0.0040 139
0.3 120 0.0050 124
0.4 120 0.0041 119
0.5 120 0.0050 119
0.6 120 0.0056 119
0.7 120 0.0062 119
0.8 120 0.0070 119
0.1 150 0.0051 196
0.2 150 0.0060 158
0.3 150 0.0091 151
0.4 150 0.0107 149
0.5 150 0.0072 149
0.6 150 0.0081 149
0.7 150 0.0091 149
0.8 150 0.0101 149
0.1 180 0.0091 226
0.2 180 0.0090 183
0.3 180 0.0080 180
0.4 180 0.0151 179
0.5 180 0.0107 179
0.6 180 0.0120 179
0.7 180 0.0140 179
0.8 180 0.0151 179
0.1 200 0.0081 239
0.2 200 0.0121 203
0.3 200 0.0092 199
0.4 200 0.0172 199
0.5 200 0.0130 199
0.6 200 0.0157 199
0.7 200 0.0182 199
0.8 200 0.0190 199
0.1 20 0.0010 65
0.2 20 0.0000 43
0.3 20 0.0000 40
0.4 20 0.0000 36
0.5 20 0.0000 32
0.6 20 0.0000 34
0.7 20 0.0000 25
0.8 20 0.0000 29
0.1 50 0.0000 136
0.2 50 0.0021 81
0.3 50 0.0000 68
0.4 50 0.0000 63
0.5 50 0.0000 55
0.6 50 0.0010 50
0.7 50 0.0020 49
0.8 50 0.0010 50
0.1 70 0.0020 190
0.2 70 0.0020 83
0.3 70 0.0010 88
0.4 70 0.0010 74
0.5 70 0.0020 71
0.6 70 0.0020 70
0.7 70 0.0020 70
0.8 70 0.0031 70
0.1 90 0.0020 179
0.2 90 0.0020 106
0.3 90 0.0031 94
0.4 90 0.0030 92
0.5 90 0.0040 91
0.6 90 0.0031 90
0.7 90 0.0040 89
0.8 90 0.0040 89
0.1 100 0.0020 175
0.2 100 0.0030 124
0.3 100 0.0040 102
0.4 100 0.0030 104
0.5 100 0.0050 100
0.6 100 0.0040 99
0.7 100 0.0045 99
0.8 100 0.0040 99
0.1 120 0.0030 192
0.2 120 0.0040 127
0.3 120 0.0040 122
0.4 120 0.0040 120
0.5 120 0.0050 121
0.6 120 0.0060 119
0.7 120 0.0061 119
0.8 120 0.0061 119
0.1 150 0.0060 195
0.2 150 0.0072 153
0.3 150 0.0050 149
0.4 150 0.0071 149
0.5 150 0.0120 150
0.6 150 0.0085 149
0.7 150 0.0091 149
0.8 150 0.0111 149
0.1 180 0.0081 217
0.2 180 0.0061 180
0.3 180 0.0075 180
0.4 180 0.0080 180
0.5 180 0.0110 179
0.6 180 0.0121 179
0.7 180 0.0141 179
0.8 180 0.0152 179
0.1 200 0.0113 239
0.2 200 0.0077 200
0.3 200 0.0092 199
0.4 200 0.0113 199
0.5 200 0.0133 199
0.6 200 0.0241 199
0.7 200 0.0172 199
0.8 200 0.0192 199
0.1 20 0.0000 65
0.2 20 0.0000 62
0.3 20 0.0000 38
0.4 20 0.0000 44
0.5 20 0.0010 33
0.6 20 0.0000 39
0.7 20 0.0000 25
0.8 20 0.0000 24
0.1 50 0.0010 143
0.2 50 0.0000 71
0.3 50 0.0010 60
0.4 50 0.0020 57
0.5 50 0.0020 51
0.6 50 0.0010 52
0.7 50 0.0010 50
0.8 50 0.0010 50
0.1 70 0.0010 181
0.2 70 0.0020 106
0.3 70 0.0020 78
0.4 70 0.0010 74
0.5 70 0.0010 71
0.6 70 0.0020 69
0.7 70 0.0021 69
0.8 70 0.0020 69
0.1 90 0.0020 146
0.2 90 0.0030 112
0.3 90 0.0020 93
0.4 90 0.0020 93
0.5 90 0.0040 90
0.6 90 0.0030 89
0.7 90 0.0040 89
0.8 90 0.0040 89
0.1 100 0.0020 156
0.2 100 0.0021 112
0.3 100 0.0040 107
0.4 100 0.0050 100
0.5 100 0.0040 99
0.6 100 0.0031 99
0.7 100 0.0040 99
0.8 100 0.0050 99
0.1 120 0.0030 185
0.2 120 0.0040 132
0.3 120 0.0050 123
0.4 120 0.0070 121
0.5 120 0.0050 119
0.6 120 0.0051 119
0.7 120 0.0060 119
0.8 120 0.0070 119
0.1 150 0.0061 201
0.2 150 0.0070 156
0.3 150 0.0050 153
0.4 150 0.0097 150
0.5 150 0.0071 149
0.6 150 0.0090 149
0.7 150 0.0101 149
0.8 150 0.0105 149
0.1 180 0.0070 215
0.2 180 0.0090 187
0.3 180 0.0080 180
0.4 180 0.0090 179
0.5 180 0.0105 179
0.6 180 0.0120 179
0.7 180 0.0130 179
0.8 180 0.0146 179
0.1 200 0.0110 237
0.2 200 0.0070 201
0.3 200 0.0150 201
0.4 200 0.0116 199
0.5 200 0.0140 199
0.6 200 0.0151 199
0.7 200 0.0170 199
0.8 200 0.0180 199
0.1 20 0.0000 86
0.2 20 0.0000 54
0.3 20 0.0000 73
0.4 20 0.0010 42
0.5 20 0.0000 32
0.6 20 0.0000 25
0.7 20 0.0000 26
0.8 20 0.0000 29
0.1 50 0.0000 131
0.2 50 0.0010 101
0.3 50 0.0010 68
0.4 50 0.0010 50
0.5 50 0.0010 53
0.6 50 0.0010 59
0.7 50 0.0020 51
0.8 50 0.0020 51
0.1 70 0.0010 158
0.2 70 0.0010 91
0.3 70 0.0020 76
0.4 70 0.0021 74
0.5 70 0.0020 71
0.6 70 0.0010 71
0.7 70 0.0020 70
0.8 70 0.0020 69
0.1 90 0.0020 173
0.2 90 0.0030 104
0.3 90 0.0030 94
0.4 90 0.0020 91
0.5 90 0.0030 92
0.6 90 0.0027 90
0.7 90 0.0040 89
0.8 90 0.0040 89
0.1 100 0.0020 173
0.2 100 0.0030 122
0.3 100 0.0030 107
0.4 100 0.0035 100
0.5 100 0.0060 101
0.6 100 0.0040 101
0.7 100 0.0044 100
0.8 100 0.0050 99
0.1 120 0.0030 190
0.2 120 0.0050 131
0.3 120 0.0060 121
0.4 120 0.0041 120
0.5 120 0.0050 119
0.6 120 0.0060 119
0.7 120 0.0065 119
0.8 120 0.0061 119
0.1 150 0.0040 205
0.2 150 0.0070 158
0.3 150 0.0050 149
0.4 150 0.0061 149
0.5 150 0.0075 149
0.6 150 0.0081 149
0.7 150 0.0092 149
0.8 150 0.0110 149
0.1 180 0.0060 224
0.2 180 0.0100 185
0.3 180 0.0071 180
0.4 180 0.0090 179
0.5 180 0.0110 179
0.6 180 0.0119 179
0.7 180 0.0140 179
0.8 180 0.0152 179
0.1 200 0.0075 230
0.2 200 0.0110 205
0.3 200 0.0091 199
0.4 200 0.0111 199
0.5 200 0.0127 199
0.6 200 0.0141 199
0.7 200 0.0163 199
0.8 200 0.0180 199
0.1 20 0.0000 88
0.2 20 0.0010 54
0.3 20 0.0000 47
0.4 20 0.0000 46
0.5 20 0.0000 41
0.6 20 0.0000 36
0.7 20 0.0000 28
0.8 20 0.0000 24
0.1 50 0.0010 127
0.2 50 0.0000 91
0.3 50 0.0010 63
0.4 50 0.0020 56
0.5 50 0.0010 54
0.6 50 0.0020 52
0.7 50 0.0010 52
0.8 50 0.0010 50
0.1 70 0.0010 141
0.2 70 0.0020 89
0.3 70 0.0020 85
0.4 70 0.0020 79
0.5 70 0.0020 73
0.6 70 0.0010 69
0.7 70 0.0030 69
0.8 70 0.0040 69
0.1 90 0.0020 185
0.2 90 0.0020 106
0.3 90 0.0031 96
0.4 90 0.0041 91
0.5 90 0.0030 90
0.6 90 0.0030 89
0.7 90 0.0030 89
0.8 90 0.0040 89
0.1 100 0.0020 174
0.2 100 0.0031 125
0.3 100 0.0040 103
0.4 100 0.0040 100
0.5 100 0.0061 99
0.6 100 0.0045 99
0.7 100 0.0070 99
0.8 100 0.0040 99
0.1 120 0.0020 211
0.2 120 0.0040 134
0.3 120 0.0060 123
0.4 120 0.0040 120
0.5 120 0.0050 120
0.6 120 0.0050 119
0.7 120 0.0065 119
0.8 120 0.0071 119
0.1 150 0.0050 188
0.2 150 0.0060 154
0.3 150 0.0050 151
0.4 150 0.0061 149
0.5 150 0.0080 149
0.6 150 0.0090 150
0.7 150 0.0100 149
0.8 150 0.0100 149
0.1 180 0.0070 220
0.2 180 0.0061 181
0.3 180 0.0076 180
0.4 180 0.0090 179
0.5 180 0.0103 179
0.6 180 0.0187 179
0.7 180 0.0141 179
0.8 180 0.0156 179
0.1 200 0.0080 244
0.2 200 0.0121 204
0.3 200 0.0090 199
0.4 200 0.0111 199
0.5 200 0.0141 199
0.6 200 0.0151 199
0.7 200 0.0177 199
0.8 200 0.0180 199
0.1 20 0.0000 91
0.2 20 0.0000 55
0.3 20 0.0000 48
0.4 20 0.0000 25
0.5 20 0.0000 25
0.6 20 0.0010 34
0.7 20 0.0000 26
0.8 20 0.0010 24
0.1 50 0.0010 151
0.2 50 0.0010 95
0.3 50 0.0010 73
0.4 50 0.0010 57
0.5 50 0.0020 51
0.6 50 0.0010 53
0.7 50 0.0020 52
0.8 50 0.0010 50
0.1 70 0.0010 161
0.2 70 0.0011 99
0.3 70 0.0020 84
0.4 70 0.0020 76
0.5 70 0.0020 69
0.6 70 0.0015 72
0.7 70 0.0020 69
0.8 70 0.0020 70
0.1 90 0.0010 166
0.2 90 0.0020 119
0.3 90 0.0030 103
0.4 90 0.0030 93
0.5 90 0.0030 90
0.6 90 0.0031 89
0.7 90 0.0030 90
0.8 90 0.0040 89
0.1 100 0.0020 179
0.2 100 0.0030 115
0.3 100 0.0030 107
0.4 100 0.0050 99
0.5 100 0.0055 100
0.6 100 0.0040 99
0.7 100 0.0070 99
0.8 100 0.0040 99
0.1 120 0.0030 164
0.2 120 0.0041 124
0.3 120 0.0030 122
0.4 120 0.0070 119
0.5 120 0.0041 119
0.6 120 0.0051 119
0.7 120 0.0060 119
0.8 120 0.0060 119
0.1 150 0.0050 204
0.2 150 0.0071 157
0.3 150 0.0050 151
0.4 150 0.0112 149
0.5 150 0.0070 149
0.6 150 0.0092 149
0.7 150 0.0090 149
0.8 150 0.0104 149
0.1 180 0.0070 213
0.2 180 0.0061 188
0.3 180 0.0071 180
0.4 180 0.0161 180
0.5 180 0.0110 179
0.6 180 0.0111 179
0.7 180 0.0135 179
0.8 180 0.0151 179
0.1 200 0.0091 227
0.2 200 0.0071 206
0.3 200 0.0090 200
0.4 200 0.0110 199
0.5 200 0.0127 199
0.6 200 0.0151 199
0.7 200 0.0171 199
0.8 200 0.0182 199
0.1 20 0.0000 67
0.2 20 0.0000 56
0.3 20 0.0000 43
0.4 20 0.0010 36
0.5 20 0.0000 33
0.6 20 0.0010 24
0.7 20 0.0000 29
0.8 20 0.0010 29
0.1 50 0.0010 150
0.2 50 0.0010 78
0.3 50 0.0000 68
0.4 50 0.0010 51
0.5 50 0.0010 55
0.6 50 0.0011 50
0.7 50 0.0010 49
0.8 50 0.0010 50
0.1 70 0.0010 147
0.2 70 0.0014 104
0.3 70 0.0020 87
0.4 70 0.0010 76
0.5 70 0.0020 72
0.6 70 0.0020 69
0.7 70 0.0024 69
0.8 70 0.0023 69
0.1 90 0.0020 180
0.2 90 0.0020 107
0.3 90 0.0030 94
0.4 90 0.0030 91
0.5 90 0.0030 92
0.6 90 0.0031 91
0.7 90 0.0030 89
0.8 90 0.0031 89
0.1 100 0.0030 168
0.2 100 0.0020 124
0.3 100 0.0040 105
0.4 100 0.0030 103
0.5 100 0.0030 100
0.6 100 0.0030 99
0.7 100 0.0045 99
0.8 100 0.0050 99
0.1 120 0.0020 171
0.2 120 0.0041 132
0.3 120 0.0030 120
0.4 120 0.0040 121
0.5 120 0.0041 119
0.6 120 0.0061 119
0.7 120 0.0070 119
0.8 120 0.0067 119
0.1 150 0.0041 196
0.2 150 0.0070 157
0.3 150 0.0060 152
0.4 150 0.0100 149
0.5 150 0.0120 149
0.6 150 0.0080 149
0.7 150 0.0150 149
0.8 150 0.0100 149
0.1 180 0.0060 215
0.2 180 0.0096 181
0.3 180 0.0080 180
0.4 180 0.0090 179
0.5 180 0.0121 179
0.6 180 0.0116 179
0.7 180 0.0131 179
0.8 180 0.0160 179
0.1 200 0.0091 234
0.2 200 0.0080 202
0.3 200 0.0091 199
0.4 200 0.0110 199
0.5 200 0.0133 199
0.6 200 0.0156 199
0.7 200 0.0175 199
0.8 200 0.0180 199
0.1 20 0.0000 77
0.2 20 0.0000 60
0.3 20 0.0000 56
0.4 20 0.0000 36
0.5 20 0.0010 37
0.6 20 0.0000 29
0.7 20 0.0010 28
0.8 20 0.0000 21
0.1 50 0.0010 133
0.2 50 0.0000 74
0.3 50 0.0010 65
0.4 50 0.0010 56
0.5 50 0.0010 58
0.6 50 0.0010 53
0.7 50 0.0020 50
0.8 50 0.0020 49
0.1 70 0.0010 159
0.2 70 0.0010 89
0.3 70 0.0020 77
0.4 70 0.0030 73
0.5 70 0.0020 72
0.6 70 0.0030 70
0.7 70 0.0020 72
0.8 70 0.0020 69
0.1 90 0.0010 146
0.2 90 0.0020 114
0.3 90 0.0030 98
0.4 90 0.0020 92
0.5 90 0.0050 92
0.6 90 0.0026 89
0.7 90 0.0030 89
0.8 90 0.0040 89
0.1 100 0.0021 182
0.2 100 0.0031 121
0.3 100 0.0020 107
0.4 100 0.0030 101
0.5 100 0.0060 99
0.6 100 0.0070 100
0.7 100 0.0040 99
0.8 100 0.0040 99
0.1 120 0.0030 212
0.2 120 0.0040 137
0.3 120 0.0030 125
0.4 120 0.0041 120
0.5 120 0.0051 119
0.6 120 0.0060 119
0.7 120 0.0081 119
0.8 120 0.0062 119
0.1 150 0.0061 192
0.2 150 0.0071 159
0.3 150 0.0082 151
0.4 150 0.0101 149
0.5 150 0.0080 149
0.6 150 0.0080 149
0.7 150 0.0090 149
0.8 150 0.0110 149
0.1 180 0.0075 227
0.2 180 0.0061 187
0.3 180 0.0071 182
0.4 180 0.0091 179
0.5 180 0.0110 179
0.6 180 0.0130 179
0.7 180 0.0141 179
0.8 180 0.0161 179
0.1 200 0.0075 231
0.2 200 0.0121 203
0.3 200 0.0150 200
0.4 200 0.0111 199
0.5 200 0.0141 199
0.6 200 0.0151 199
0.7 200 0.0167 199
0.8 200 0.0191 199
0.1 20 0.0000 79
0.2 20 0.0010 55
0.3 20 0.0000 46
0.4 20 0.0000 58
0.5 20 0.0000 26
0.6 20 0.0000 26
0.7 20 0.0000 25
0.8 20 0.0000 22
0.1 50 0.0010 146
0.2 50 0.0010 72
0.3 50 0.0010 69
0.4 50 0.0020 56
0.5 50 0.0011 53
0.6 50 0.0010 52
0.7 50 0.0010 51
0.8 50 0.0011 49
0.1 70 0.0010 156
0.2 70 0.0010 91
0.3 70 0.0020 80
0.4 70 0.0030 74
0.5 70 0.0035 70
0.6 70 0.0020 70
0.7 70 0.0020 69
0.8 70 0.0020 70
0.1 90 0.0010 149
0.2 90 0.0020 109
0.3 90 0.0022 94
0.4 90 0.0020 89
0.5 90 0.0050 89
0.6 90 0.0031 90
0.7 90 0.0030 90
0.8 90 0.0040 89
0.1 100 0.0020 185
0.2 100 0.0030 111
0.3 100 0.0030 107
0.4 100 0.0040 100
0.5 100 0.0030 100
0.6 100 0.0041 99
0.7 100 0.0040 99
0.8 100 0.0050 99
0.1 120 0.0030 206
0.2 120 0.0040 140
0.3 120 0.0040 124
0.4 120 0.0040 119
0.5 120 0.0080 119
0.6 120 0.0095 119
0.7 120 0.0101 119
0.8 120 0.0060 119
0.1 150 0.0060 192
0.2 150 0.0041 160
0.3 150 0.0050 150
0.4 150 0.0071 150
0.5 150 0.0080 149
0.6 150 0.0090 149
0.7 150 0.0100 149
0.8 150 0.0112 149
0.1 180 0.0064 218
0.2 180 0.0091 186
0.3 180 0.0070 181
0.4 180 0.0091 179
0.5 180 0.0110 179
0.6 180 0.0130 179
0.7 180 0.0131 179
0.8 180 0.0158 179
0.1 200 0.0081 237
0.2 200 0.0111 205
0.3 200 0.0152 199
0.4 200 0.0109 199
0.5 200 0.0230 199
0.6 200 0.0143 199
0.7 200 0.0256 199
0.8 200 0.0187 199
0.1 20 0.0000 55
0.2 20 0.0000 57
0.3 20 0.0000 53
0.4 20 0.0000 46
0.5 20 0.0000 33
0.6 20 0.0000 24
0.7 20 0.0000 24
0.8 20 0.0010 23
0.1 50 0.0000 177
0.2 50 0.0000 90
0.3 50 0.0011 71
0.4 50 0.0010 59
0.5 50 0.0010 53
0.6 50 0.0010 51
0.7 50 0.0011 50
0.8 50 0.0020 49
0.1 70 0.0020 142
0.2 70 0.0010 100
0.3 70 0.0021 81
0.4 70 0.0030 75
0.5 70 0.0020 74
0.6 70 0.0020 73
0.7 70 0.0030 69
0.8 70 0.0020 69
0.1 90 0.0020 156
0.2 90 0.0030 105
0.3 90 0.0030 90
0.4 90 0.0041 94
0.5 90 0.0051 90
0.6 90 0.0035 89
0.7 90 0.0040 89
0.8 90 0.0030 89
0.1 100 0.0020 183
0.2 100 0.0030 123
0.3 100 0.0020 109
0.4 100 0.0030 100
0.5 100 0.0030 100
0.6 100 0.0060 99
0.7 100 0.0041 99
0.8 100 0.0081 99
0.1 120 0.0031 180
0.2 120 0.0040 133
0.3 120 0.0050 121
0.4 120 0.0040 120
0.5 120 0.0041 119
0.6 120 0.0060 119
0.7 120 0.0050 119
0.8 120 0.0070 119
0.1 150 0.0060 199
0.2 150 0.0055 156
0.3 150 0.0060 149
0.4 150 0.0090 150
0.5 150 0.0124 150
0.6 150 0.0090 149
0.7 150 0.0091 149
0.8 150 0.0110 149
0.1 180 0.0070 212
0.2 180 0.0060 190
0.3 180 0.0127 179
0.4 180 0.0090 179
0.5 180 0.0101 179
0.6 180 0.0120 179
0.7 180 0.0131 179
0.8 180 0.0150 179
0.1 200 0.0080 242
0.2 200 0.0125 200
0.3 200 0.0091 201
0.4 200 0.0121 199
0.5 200 0.0228 199
0.6 200 0.0150 199
0.7 200 0.0162 199
0.8 200 0.0181 199
0.1 20 0.0000 93
0.2 20 0.0010 54
0.3 20 0.0000 48
0.4 20 0.0000 41
0.5 20 0.0000 36
0.6 20 0.0000 37
0.7 20 0.0000 22
0.8 20 0.0000 22
0.1 50 0.0010 123
0.2 50 0.0010 91
0.3 50 0.0010 69
0.4 50 0.0000 57
0.5 50 0.0010 52
0.6 50 0.0010 50
0.7 50 0.0010 51
0.8 50 0.0010 51
0.1 70 0.0010 142
0.2 70 0.0020 103
0.3 70 0.0020 79
0.4 70 0.0020 77
0.5 70 0.0021 74
0.6 70 0.0020 69
0.7 70 0.0020 69
0.8 70 0.0020 69
0.1 90 0.0015 171
0.2 90 0.0020 111
0.3 90 0.0020 94
0.4 90 0.0030 90
0.5 90 0.0030 89
0.6 90 0.0040 89
0.7 90 0.0030 89
0.8 90 0.0040 89
0.1 100 0.0020 176
0.2 100 0.0031 132
0.3 100 0.0030 103
0.4 100 0.0051 99
0.5 100 0.0041 99
0.6 100 0.0040 100
0.7 100 0.0040 99
0.8 100 0.0050 99
0.1 120 0.0030 194
0.2 120 0.0050 129
0.3 120 0.0030 122
0.4 120 0.0071 119
0.5 120 0.0040 119
0.6 120 0.0060 119
0.7 120 0.0060 119
0.8 120 0.0123 119
0.1 150 0.0051 202
0.2 150 0.0071 160
0.3 150 0.0050 152
0.4 150 0.0100 150
0.5 150 0.0070 149
0.6 150 0.0090 149
0.7 150 0.0100 149
0.8 150 0.0110 149
0.1 180 0.0060 208
0.2 180 0.0097 187
0.3 180 0.0120 180
0.4 180 0.0100 179
0.5 180 0.0180 179
0.6 180 0.0121 179
0.7 180 0.0140 179
0.8 180 0.0166 179
0.1 200 0.0090 230
0.2 200 0.0120 199
0.3 200 0.0090 199
0.4 200 0.0110 199
0.5 200 0.0141 199
0.6 200 0.0151 199
0.7 200 0.0167 199
0.8 200 0.0191 199
0.1 20 0.0000 71
0.2 20 0.0000 61
0.3 20 0.0000 44
0.4 20 0.0000 38
0.5 20 0.0000 34
0.6 20 0.0000 36
0.7 20 0.0000 23
0.8 20 0.0000 25
0.1 50 0.0010 163
0.2 50 0.0010 72
0.3 50 0.0015 69
0.4 50 0.0010 59
0.5 50 0.0020 54
0.6 50 0.0020 49
0.7 50 0.0010 53
0.8 50 0.0020 49
0.1 70 0.0010 179
0.2 70 0.0020 112
0.3 70 0.0021 79
0.4 70 0.0030 77
0.5 70 0.0030 69
0.6 70 0.0020 70
0.7 70 0.0027 69
0.8 70 0.0020 70
0.1 90 0.0010 160
0.2 90 0.0020 110
0.3 90 0.0020 97
0.4 90 0.0021 93
0.5 90 0.0020 90
0.6 90 0.0030 90
0.7 90 0.0040 90
0.8 90 0.0040 89
0.1 100 0.0020 171
0.2 100 0.0038 124
0.3 100 0.0040 107
0.4 100 0.0030 100
0.5 100 0.0035 100
0.6 100 0.0040 99
0.7 100 0.0050 100
0.8 100 0.0080 99
0.1 120 0.0030 173
0.2 120 0.0030 128
0.3 120 0.0052 120
0.4 120 0.0040 119
0.5 120 0.0080 119
0.6 120 0.0060 119
0.7 120 0.0060 119
0.8 120 0.0060 119
0.1 150 0.0050 197
0.2 150 0.0040 154
0.3 150 0.0090 150
0.4 150 0.0060 149
0.5 150 0.0080 149
0.6 150 0.0090 149
0.7 150 0.0090 149
0.8 150 0.0111 149
0.1 180 0.0060 223
0.2 180 0.0053 186
0.3 180 0.0070 179
0.4 180 0.0090 179
0.5 180 0.0110 179
0.6 180 0.0133 179
0.7 180 0.0130 179
0.8 180 0.0155 179
0.1 200 0.0090 224
0.2 200 0.0070 203
0.3 200 0.0090 199
0.4 200 0.0110 199
0.5 200 0.0133 199
0.6 200 0.0153 199
0.7 200 0.0177 199
0.8 200 0.0185 199
0.1 20 0.0000 59
0.2 20 0.0010 61
0.3 20 0.0000 52
0.4 20 0.0000 32
0.5 20 0.0010 42
0.6 20 0.0000 28
0.7 20 0.0010 22
0.8 20 0.0000 28
0.1 50 0.0010 168
0.2 50 0.0005 88
0.3 50 0.0010 71
0.4 50 0.0010 51
0.5 50 0.0010 54
0.6 50 0.0010 50
0.7 50 0.0011 55
0.8 50 0.0010 50
0.1 70 0.0010 134
0.2 70 0.0010 99
0.3 70 0.0020 77
0.4 70 0.0030 76
0.5 70 0.0010 73
0.6 70 0.0020 71
0.7 70 0.0030 69
0.8 70 0.0031 69
0.1 90 0.0010 180
0.2 90 0.0020 111
0.3 90 0.0031 95
0.4 90 0.0020 92
0.5 90 0.0030 90
0.6 90 0.0031 89
0.7 90 0.0030 89
0.8 90 0.0030 89
0.1 100 0.0020 180
0.2 100 0.0030 119
0.3 100 0.0020 105
0.4 100 0.0033 99
0.5 100 0.0030 99
0.6 100 0.0061 100
0.7 100 0.0041 99
0.8 100 0.0041 99
0.1 120 0.0030 162
0.2 120 0.0045 129
0.3 120 0.0040 121
0.4 120 0.0045 121
0.5 120 0.0051 119
0.6 120 0.0051 119
0.7 120 0.0062 119
0.8 120 0.0060 119
0.1 150 0.0040 207
0.2 150 0.0061 154
0.3 150 0.0091 152
0.4 150 0.0071 149
0.5 150 0.0081 149
0.6 150 0.0090 149
0.7 150 0.0091 149
0.8 150 0.0100 149
0.1 180 0.0070 212
0.2 180 0.0095 184
0.3 180 0.0070 179
0.4 180 0.0100 179
0.5 180 0.0101 179
0.6 180 0.0135 179
0.7 180 0.0140 179
0.8 180 0.0140 179
0.1 200 0.0086 237
0.2 200 0.0120 205
0.3 200 0.0090 202
0.4 200 0.0111 199
0.5 200 0.0210 199
0.6 200 0.0150 199
0.7 200 0.0167 199
0.8 200 0.0181 199
0.1 20 0.0000 61
0.2 20 0.0000 64
0.3 20 0.0000 47
0.4 20 0.0000 33
0.5 20 0.0000 45
0.6 20 0.0010 35
0.7 20 0.0000 23
0.8 20 0.0010 32
0.1 50 0.0010 137
0.2 50 0.0000 83
0.3 50 0.0010 71
0.4 50 0.0012 56
0.5 50 0.0010 54
0.6 50 0.0010 52
0.7 50 0.0010 50
0.8 50 0.0010 50
0.1 70 0.0010 167
0.2 70 0.0010 112
0.3 70 0.0010 81
0.4 70 0.0030 72
0.5 70 0.0020 72
0.6 70 0.0020 71
0.7 70 0.0020 70
0.8 70 0.0030 69
0.1 90 0.0030 170
0.2 90 0.0021 114
0.3 90 0.0031 99
0.4 90 0.0020 90
0.5 90 0.0040 92
0.6 90 0.0030 90
0.7 90 0.0031 90
0.8 90 0.0040 89
0.1 100 0.0020 179
0.2 100 0.0030 123
0.3 100 0.0040 103
0.4 100 0.0056 101
0.5 100 0.0040 100
0.6 100 0.0040 99
0.7 100 0.0040 99
0.8 100 0.0040 99
0.1 120 0.0030 171
0.2 120 0.0020 134
0.3 120 0.0030 122
0.4 120 0.0040 119
0.5 120 0.0050 119
0.6 120 0.0060 119
0.7 120 0.0061 119
0.8 120 0.0070 119
0.1 150 0.0051 197
0.2 150 0.0060 160
0.3 150 0.0050 150
0.4 150 0.0110 149
0.5 150 0.0075 149
0.6 150 0.0091 149
0.7 150 0.0092 149
0.8 150 0.0100 149
0.1 180 0.0070 224
0.2 180 0.0057 183
0.3 180 0.0070 179
0.4 180 0.0090 179
0.5 180 0.0100 179
0.6 180 0.0125 179
0.7 180 0.0131 179
0.8 180 0.0142 179
0.1 200 0.0093 238
0.2 200 0.0070 200
0.3 200 0.0090 200
0.4 200 0.0111 199
0.5 200 0.0227 199
0.6 200 0.0151 199
0.7 200 0.0162 199
0.8 200 0.0185 199
0.1 20 0.0000 50
0.2 20 0.0000 61
0.3 20 0.0000 48
0.4 20 0.0000 35
0.5 20 0.0000 26
0.6 20 0.0000 29
0.7 20 0.0000 29
0.8 20 0.0000 21
0.1 50 0.0010 159
0.2 50 0.0010 91
0.3 50 0.0010 63
0.4 50 0.0020 55
0.5 50 0.0010 51
0.6 50 0.0010 50
0.7 50 0.0010 53
0.8 50 0.0010 52
0.1 70 0.0010 144
0.2 70 0.0010 89
0.3 70 0.0020 77
0.4 70 0.0015 76
0.5 70 0.0030 69
0.6 70 0.0020 69
0.7 70 0.0020 69
0.8 70 0.0024 69
0.1 90 0.0020 169
0.2 90 0.0021 112
0.3 90 0.0030 93
0.4 90 0.0040 96
0.5 90 0.0030 89
0.6 90 0.0031 90
0.7 90 0.0040 89
0.8 90 0.0030 89
0.1 100 0.0020 158
0.2 100 0.0020 114
0.3 100 0.0040 106
0.4 100 0.0025 100
0.5 100 0.0040 99
0.6 100 0.0040 99
0.7 100 0.0050 99
0.8 100 0.0050 99
0.1 120 0.0040 170
0.2 120 0.0042 134
0.3 120 0.0030 123
0.4 120 0.0060 119
0.5 120 0.0040 119
0.6 120 0.0055 119
0.7 120 0.0060 120
0.8 120 0.0071 119
0.1 150 0.0040 207
0.2 150 0.0040 153
0.3 150 0.0081 152
0.4 150 0.0060 150
0.5 150 0.0073 149
0.6 150 0.0083 149
0.7 150 0.0096 149
0.8 150 0.0110 149
0.1 180 0.0070 226
0.2 180 0.0097 184
0.3 180 0.0071 181
0.4 180 0.0090 179
0.5 180 0.0112 179
0.6 180 0.0131 179
0.7 180 0.0130 179
0.8 180 0.0161 179
0.1 200 0.0092 235
0.2 200 0.0111 203
0.3 200 0.0090 199
0.4 200 0.0110 199
0.5 200 0.0130 199
0.6 200 0.0152 199
0.7 200 0.0167 199
0.8 200 0.0181 199
