0.1 20 0.0000 61
0.2 20 0.0000 64
0.3 20 0.0000 38
0.4 20 0.0000 34
0.5 20 0.0000 42
0.6 20 0.0000 25
0.7 20 0.0000 27
0.8 20 0.0000 29
0.1 50 0.0010 159
0.2 50 0.0015 88
0.3 50 0.0010 72
0.4 50 0.0021 57
0.5 50 0.0012 56
0.6 50 0.0020 51
0.7 50 0.0020 49
0.8 50 0.0025 50
0.1 70 0.0010 135
0.2 70 0.0032 86
0.3 70 0.0035 74
0.4 70 0.0020 73
0.5 70 0.0030 72
0.6 70 0.0032 70
0.7 70 0.0042 72
0.8 70 0.0043 69
0.1 90 0.0020 153
0.2 90 0.0035 110
0.3 90 0.0046 98
0.4 90 0.0036 91
0.5 90 0.0053 91
0.6 90 0.0050 90
0.7 90 0.0064 89
0.8 90 0.0056 89
0.1 100 0.0020 177
0.2 100 0.0035 119
0.3 100 0.0030 105
0.4 100 0.0042 100
0.5 100 0.0055 101
0.6 100 0.0060 99
0.7 100 0.0075 99
0.8 100 0.0086 99
0.1 120 0.0030 184
0.2 120 0.0030 131
0.3 120 0.0046 123
0.4 120 0.0066 120
0.5 120 0.0077 119
0.6 120 0.0082 119
0.7 120 0.0106 119
0.8 120 0.0136 119
0.1 150 0.0040 216
0.2 150 0.0107 155
0.3 150 0.0087 149
0.4 150 0.0150 149
0.5 150 0.0156 149
0.6 150 0.0138 149
0.7 150 0.0157 149
0.8 150 0.0205 149
0.1 180 0.0092 221
0.2 180 0.0110 182
0.3 180 0.0228 179
0.4 180 0.0251 179
0.5 180 0.0165 179
0.6 180 0.0221 179
0.7 180 0.0284 179
0.8 180 0.0341 179
0.1 200 0.0086 238
0.2 200 0.0165 202
0.3 200 0.0151 199
0.4 200 0.0182 199
0.5 200 0.0227 199
0.6 200 0.0267 199
0.7 200 0.0289 199
0.8 200 0.0351 199
0.1 20 0.0000 105
0.2 20 0.0000 64
0.3 20 0.0000 62
0.4 20 0.0001 42
0.5 20 0.0000 42
0.6 20 0.0010 29
0.7 20 0.0000 35
0.8 20 0.0000 25
0.1 50 0.0000 146
0.2 50 0.0026 82
0.3 50 0.0000 64
0.4 50 0.0010 57
0.5 50 0.0016 54
0.6 50 0.0020 50
0.7 50 0.0010 51
0.8 50 0.0021 50
0.1 70 0.0010 146
0.2 70 0.0020 101
0.3 70 0.0030 79
0.4 70 0.0027 75
0.5 70 0.0021 70
0.6 70 0.0030 69
0.7 70 0.0031 69
0.8 70 0.0046 69
0.1 90 0.0010 185
0.2 90 0.0040 108
0.3 90 0.0040 98
0.4 90 0.0030 90
0.5 90 0.0035 90
0.6 90 0.0081 90
0.7 90 0.0050 89
0.8 90 0.0067 89
0.1 100 0.0020 153
0.2 100 0.0046 119
0.3 100 0.0060 105
0.4 100 0.0062 102
0.5 100 0.0055 101
0.6 100 0.0077 100
0.7 100 0.0079 101
0.8 100 0.0088 99
0.1 120 0.0026 192
0.2 120 0.0068 138
0.3 120 0.0093 123
0.4 120 0.0129 119
0.5 120 0.0084 119
0.6 120 0.0105 119
0.7 120 0.0108 120
0.8 120 0.0134 119
0.1 150 0.0050 193
0.2 150 0.0092 162
0.3 150 0.0134 150
0.4 150 0.0184 149
0.5 150 0.0106 149
0.6 150 0.0246 149
0.7 150 0.0163 149
0.8 150 0.0210 149
0.1 180 0.0060 225
0.2 180 0.0108 181
0.3 180 0.0125 181
0.4 180 0.0248 179
0.5 180 0.0200 179
0.6 180 0.0209 179
0.7 180 0.0207 179
0.8 180 0.0279 179
0.1 200 0.0086 222
0.2 200 0.0146 206
0.3 200 0.0128 199
0.4 200 0.0185 199
0.5 200 0.0211 199
0.6 200 0.0269 199
0.7 200 0.0304 199
0.8 200 0.0309 199
0.1 20 0.0000 98
0.2 20 0.0000 59
0.3 20 0.0000 60
0.4 20 0.0000 49
0.5 20 0.0010 27
0.6 20 0.0000 32
0.7 20 0.0000 30
0.8 20 0.0000 24
0.1 50 0.0000 158
0.2 50 0.0000 86
0.3 50 0.0010 69
0.4 50 0.0012 62
0.5 50 0.0030 50
0.6 50 0.0010 52
0.7 50 0.0020 50
0.8 50 0.0040 49
0.1 70 0.0016 176
0.2 70 0.0020 96
0.3 70 0.0030 77
0.4 70 0.0036 76
0.5 70 0.0057 72
0.6 70 0.0030 69
0.7 70 0.0040 69
0.8 70 0.0043 69
0.1 90 0.0019 164
0.2 90 0.0042 108
0.3 90 0.0040 96
0.4 90 0.0036 89
0.5 90 0.0048 91
0.6 90 0.0062 90
0.7 90 0.0067 89
0.8 90 0.0077 89
0.1 100 0.0021 189
0.2 100 0.0045 122
0.3 100 0.0033 106
0.4 100 0.0070 101
0.5 100 0.0102 101
0.6 100 0.0066 100
0.7 100 0.0127 99
0.8 100 0.0088 99
0.1 120 0.0026 190
0.2 120 0.0055 130
0.3 120 0.0045 121
0.4 120 0.0050 119
0.5 120 0.0070 119
0.6 120 0.0103 119
0.7 120 0.0085 119
0.8 120 0.0201 119
0.1 150 0.0046 225
0.2 150 0.0091 158
0.3 150 0.0127 150
0.4 150 0.0097 149
0.5 150 0.0129 149
0.6 150 0.0147 149
0.7 150 0.0186 149
0.8 150 0.0235 149
0.1 180 0.0062 236
0.2 180 0.0067 184
0.3 180 0.0120 179
0.4 180 0.0148 179
0.5 180 0.0184 179
0.6 180 0.0220 179
0.7 180 0.0243 179
0.8 180 0.0232 179
0.1 200 0.0088 240
0.2 200 0.0165 204
0.3 200 0.0149 202
0.4 200 0.0313 199
0.5 200 0.0234 199
0.6 200 0.0282 199
0.7 200 0.0322 199
0.8 200 0.0353 199
0.1 20 0.0000 73
0.2 20 0.0000 70
0.3 20 0.0010 42
0.4 20 0.0000 36
0.5 20 0.0012 26
0.6 20 0.0010 32
0.7 20 0.0010 30
0.8 20 0.0000 23
0.1 50 0.0010 142
0.2 50 0.0010 82
0.3 50 0.0000 73
0.4 50 0.0010 57
0.5 50 0.0032 53
0.6 50 0.0030 50
0.7 50 0.0035 51
0.8 50 0.0020 49
0.1 70 0.0022 171
0.2 70 0.0015 92
0.3 70 0.0041 78
0.4 70 0.0020 75
0.5 70 0.0032 70
0.6 70 0.0030 70
0.7 70 0.0040 69
0.8 70 0.0050 69
0.1 90 0.0021 179
0.2 90 0.0030 111
0.3 90 0.0030 97
0.4 90 0.0040 95
0.5 90 0.0084 90
0.6 90 0.0051 90
0.7 90 0.0060 89
0.8 90 0.0077 89
0.1 100 0.0020 150
0.2 100 0.0031 122
0.3 100 0.0070 104
0.4 100 0.0050 103
0.5 100 0.0065 99
0.6 100 0.0085 99
0.7 100 0.0074 99
0.8 100 0.0075 99
0.1 120 0.0020 194
0.2 120 0.0065 128
0.3 120 0.0083 120
0.4 120 0.0075 119
0.5 120 0.0087 120
0.6 120 0.0091 119
0.7 120 0.0105 119
0.8 120 0.0117 119
0.1 150 0.0056 188
0.2 150 0.0066 153
0.3 150 0.0161 152
0.4 150 0.0175 149
0.5 150 0.0126 149
0.6 150 0.0151 149
0.7 150 0.0188 149
0.8 150 0.0186 149
0.1 180 0.0116 204
0.2 180 0.0123 181
0.3 180 0.0095 180
0.4 180 0.0150 179
0.5 180 0.0183 179
0.6 180 0.0231 179
0.7 180 0.0227 179
0.8 180 0.0262 179
0.1 200 0.0060 234
0.2 200 0.0081 202
0.3 200 0.0205 200
0.4 200 0.0168 199
0.5 200 0.0183 199
0.6 200 0.0203 199
0.7 200 0.0243 199
0.8 200 0.0288 199
0.1 20 0.0000 64
0.2 20 0.0000 58
0.3 20 0.0000 51
0.4 20 0.0000 41
0.5 20 0.0011 53
0.6 20 0.0000 31
0.7 20 0.0011 26
0.8 20 0.0000 28
0.1 50 0.0000 168
0.2 50 0.0010 78
0.3 50 0.0010 65
0.4 50 0.0010 58
0.5 50 0.0010 53
0.6 50 0.0009 51
0.7 50 0.0020 49
0.8 50 0.0011 50
0.1 70 0.0000 155
0.2 70 0.0020 91
0.3 70 0.0020 82
0.4 70 0.0011 73
0.5 70 0.0031 72
0.6 70 0.0020 71
0.7 70 0.0030 69
0.8 70 0.0041 69
0.1 90 0.0010 170
0.2 90 0.0020 101
0.3 90 0.0040 93
0.4 90 0.0050 94
0.5 90 0.0020 91
0.6 90 0.0041 89
0.7 90 0.0040 89
0.8 90 0.0046 89
0.1 100 0.0010 180
0.2 100 0.0021 113
0.3 100 0.0020 107
0.4 100 0.0040 99
0.5 100 0.0030 99
0.6 100 0.0040 99
0.7 100 0.0046 99
0.8 100 0.0048 99
0.1 120 0.0010 179
0.2 120 0.0031 134
0.3 120 0.0030 123
0.4 120 0.0062 120
0.5 120 0.0060 119
0.6 120 0.0055 119
0.7 120 0.0060 119
0.8 120 0.0070 119
0.1 150 0.0040 201
0.2 150 0.0050 158
0.3 150 0.0040 152
0.4 150 0.0050 150
0.5 150 0.0076 149
0.6 150 0.0088 149
0.7 150 0.0106 149
0.8 150 0.0148 149
0.1 180 0.0035 216
0.2 180 0.0040 188
0.3 180 0.0126 180
0.4 180 0.0081 179
0.5 180 0.0176 180
0.6 180 0.0116 179
0.7 180 0.0126 179
0.8 180 0.0155 179
0.1 200 0.0047 233
0.2 200 0.0077 202
0.3 200 0.0125 200
0.4 200 0.0170 199
0.5 200 0.0230 199
0.6 200 0.0186 199
0.7 200 0.0201 199
0.8 200 0.0224 199
0.1 20 0.0000 56
0.2 20 0.0000 63
0.3 20 0.0000 40
0.4 20 0.0000 31
0.5 20 0.0000 30
0.6 20 0.0000 34
0.7 20 0.0000 23
0.8 20 0.0000 22
0.1 50 0.0000 152
0.2 50 0.0010 80
0.3 50 0.0010 75
0.4 50 0.0020 64
0.5 50 0.0000 57
0.6 50 0.0000 51
0.7 50 0.0010 52
0.8 50 0.0019 50
0.1 70 0.0000 169
0.2 70 0.0010 105
0.3 70 0.0011 78
0.4 70 0.0020 76
0.5 70 0.0020 73
0.6 70 0.0020 69
0.7 70 0.0031 69
0.8 70 0.0030 69
0.1 90 0.0010 167
0.2 90 0.0010 104
0.3 90 0.0020 95
0.4 90 0.0039 91
0.5 90 0.0020 89
0.6 90 0.0030 89
0.7 90 0.0030 90
0.8 90 0.0042 89
0.1 100 0.0025 179
0.2 100 0.0020 114
0.3 100 0.0030 100
0.4 100 0.0046 100
0.5 100 0.0048 101
0.6 100 0.0035 99
0.7 100 0.0048 99
0.8 100 0.0052 99
0.1 120 0.0021 174
0.2 120 0.0025 130
0.3 120 0.0021 122
0.4 120 0.0040 119
0.5 120 0.0075 119
0.6 120 0.0050 119
0.7 120 0.0046 119
0.8 120 0.0061 119
0.1 150 0.0010 211
0.2 150 0.0055 157
0.3 150 0.0050 149
0.4 150 0.0050 149
0.5 150 0.0077 149
0.6 150 0.0080 149
0.7 150 0.0096 149
0.8 150 0.0121 149
0.1 180 0.0030 226
0.2 180 0.0065 191
0.3 180 0.0107 179
0.4 180 0.0081 180
0.5 180 0.0092 179
0.6 180 0.0125 179
0.7 180 0.0264 179
0.8 180 0.0166 179
0.1 200 0.0077 227
0.2 200 0.0092 202
0.3 200 0.0065 199
0.4 200 0.0118 199
0.5 200 0.0151 199
0.6 200 0.0142 199
0.7 200 0.0199 199
0.8 200 0.0220 199
0.1 20 0.0000 73
0.2 20 0.0000 54
0.3 20 0.0000 36
0.4 20 0.0000 53
0.5 20 0.0016 30
0.6 20 0.0010 28
0.7 20 0.0010 22
0.8 20 0.0000 24
0.1 50 0.0000 125
0.2 50 0.0010 91
0.3 50 0.0000 64
0.4 50 0.0000 58
0.5 50 0.0015 52
0.6 50 0.0010 51
0.7 50 0.0010 50
0.8 50 0.0010 49
0.1 70 0.0000 171
0.2 70 0.0010 101
0.3 70 0.0010 80
0.4 70 0.0016 71
0.5 70 0.0021 70
0.6 70 0.0025 69
0.7 70 0.0020 69
0.8 70 0.0025 69
0.1 90 0.0020 164
0.2 90 0.0016 130
0.3 90 0.0010 97
0.4 90 0.0025 94
0.5 90 0.0030 90
0.6 90 0.0042 89
0.7 90 0.0030 89
0.8 90 0.0030 89
0.1 100 0.0010 170
0.2 100 0.0030 120
0.3 100 0.0020 102
0.4 100 0.0045 99
0.5 100 0.0045 101
0.6 100 0.0040 99
0.7 100 0.0039 99
0.8 100 0.0065 99
0.1 120 0.0020 200
0.2 120 0.0040 134
0.3 120 0.0051 121
0.4 120 0.0050 119
0.5 120 0.0090 119
0.6 120 0.0055 119
0.7 120 0.0056 120
0.8 120 0.0066 119
0.1 150 0.0040 214
0.2 150 0.0046 153
0.3 150 0.0070 152
0.4 150 0.0085 150
0.5 150 0.0085 149
0.6 150 0.0076 149
0.7 150 0.0090 149
0.8 150 0.0116 149
0.1 180 0.0030 226
0.2 180 0.0081 184
0.3 180 0.0085 181
0.4 180 0.0153 179
0.5 180 0.0122 179
0.6 180 0.0136 179
0.7 180 0.0159 179
0.8 180 0.0181 179
0.1 200 0.0051 235
0.2 200 0.0051 201
0.3 200 0.0097 200
0.4 200 0.0085 199
0.5 200 0.0121 199
0.6 200 0.0192 199
0.7 200 0.0227 199
0.8 200 0.0266 199
0.1 20 0.0000 66
0.2 20 0.0010 50
0.3 20 0.0000 43
0.4 20 0.0000 44
0.5 20 0.0000 34
0.6 20 0.0000 28
0.7 20 0.0000 30
0.8 20 0.0010 25
0.1 50 0.0011 153
0.2 50 0.0010 90
0.3 50 0.0000 71
0.4 50 0.0016 60
0.5 50 0.0010 63
0.6 50 0.0010 52
0.7 50 0.0010 49
0.8 50 0.0010 51
0.1 70 0.0010 161
0.2 70 0.0010 96
0.3 70 0.0010 78
0.4 70 0.0020 71
0.5 70 0.0010 75
0.6 70 0.0020 69
0.7 70 0.0030 69
0.8 70 0.0020 69
0.1 90 0.0010 161
0.2 90 0.0020 106
0.3 90 0.0035 103
0.4 90 0.0042 93
0.5 90 0.0021 90
0.6 90 0.0020 90
0.7 90 0.0050 89
0.8 90 0.0055 89
0.1 100 0.0010 173
0.2 100 0.0020 115
0.3 100 0.0020 110
0.4 100 0.0020 99
0.5 100 0.0050 100
0.6 100 0.0042 99
0.7 100 0.0040 99
0.8 100 0.0040 99
0.1 120 0.0011 185
0.2 120 0.0030 131
0.3 120 0.0020 121
0.4 120 0.0035 120
0.5 120 0.0045 119
0.6 120 0.0050 119
0.7 120 0.0055 119
0.8 120 0.0060 119
0.1 150 0.0035 197
0.2 150 0.0022 156
0.3 150 0.0076 151
0.4 150 0.0050 151
0.5 150 0.0076 149
0.6 150 0.0108 149
0.7 150 0.0106 149
0.8 150 0.0107 149
0.1 180 0.0036 218
0.2 180 0.0030 183
0.3 180 0.0053 181
0.4 180 0.0085 179
0.5 180 0.0093 179
0.6 180 0.0125 179
0.7 180 0.0135 179
0.8 180 0.0164 179
0.1 200 0.0046 244
0.2 200 0.0040 203
0.3 200 0.0153 199
0.4 200 0.0111 199
0.5 200 0.0136 199
0.6 200 0.0305 199
0.7 200 0.0171 199
0.8 200 0.0237 199
0.1 20 0.0000 75
0.2 20 0.0010 59
0.3 20 0.0000 43
0.4 20 0.0000 35
0.5 20 0.0010 30
0.6 20 0.0000 27
0.7 20 0.0000 23
0.8 20 0.0015 21
0.1 50 0.0010 119
0.2 50 0.0010 95
0.3 50 0.0010 73
0.4 50 0.0010 57
0.5 50 0.0010 58
0.6 50 0.0016 52
0.7 50 0.0010 49
0.8 50 0.0010 49
0.1 70 0.0010 168
0.2 70 0.0010 103
0.3 70 0.0020 81
0.4 70 0.0011 74
0.5 70 0.0020 70
0.6 70 0.0020 71
0.7 70 0.0025 69
0.8 70 0.0021 69
0.1 90 0.0010 175
0.2 90 0.0020 102
0.3 90 0.0021 92
0.4 90 0.0020 89
0.5 90 0.0030 89
0.6 90 0.0020 89
0.7 90 0.0036 89
0.8 90 0.0035 89
0.1 100 0.0010 166
0.2 100 0.0020 115
0.3 100 0.0025 107
0.4 100 0.0025 100
0.5 100 0.0026 99
0.6 100 0.0030 99
0.7 100 0.0040 99
0.8 100 0.0055 99
0.1 120 0.0010 183
0.2 120 0.0040 131
0.3 120 0.0040 125
0.4 120 0.0085 119
0.5 120 0.0040 119
0.6 120 0.0040 119
0.7 120 0.0050 119
0.8 120 0.0086 119
0.1 150 0.0041 205
0.2 150 0.0020 160
0.3 150 0.0065 151
0.4 150 0.0040 149
0.5 150 0.0086 149
0.6 150 0.0097 149
0.7 150 0.0106 149
0.8 150 0.0164 149
0.1 180 0.0045 217
0.2 180 0.0071 182
0.3 180 0.0085 181
0.4 180 0.0081 179
0.5 180 0.0170 179
0.6 180 0.0127 179
0.7 180 0.0233 179
0.8 180 0.0161 179
0.1 200 0.0050 227
0.2 200 0.0088 201
0.3 200 0.0070 201
0.4 200 0.0118 199
0.5 200 0.0127 199
0.6 200 0.0151 199
0.7 200 0.0177 199
0.8 200 0.0202 199
0.1 20 0.0000 61
0.2 20 0.0000 64
0.3 20 0.0000 55
0.4 20 0.0000 36
0.5 20 0.0000 30
0.6 20 0.0000 25
0.7 20 0.0000 23
0.8 20 0.0000 24
0.1 50 0.0000 165
0.2 50 0.0010 84
0.3 50 0.0011 62
0.4 50 0.0010 54
0.5 50 0.0010 55
0.6 50 0.0020 53
0.7 50 0.0027 51
0.8 50 0.0040 50
0.1 70 0.0000 152
0.2 70 0.0010 107
0.3 70 0.0020 78
0.4 70 0.0030 72
0.5 70 0.0010 71
0.6 70 0.0010 69
0.7 70 0.0010 69
0.8 70 0.0041 69
0.1 90 0.0010 141
0.2 90 0.0010 104
0.3 90 0.0040 95
0.4 90 0.0031 91
0.5 90 0.0035 90
0.6 90 0.0030 89
0.7 90 0.0031 89
0.8 90 0.0040 89
0.1 100 0.0010 166
0.2 100 0.0010 122
0.3 100 0.0020 108
0.4 100 0.0050 100
0.5 100 0.0030 99
0.6 100 0.0030 99
0.7 100 0.0050 99
0.8 100 0.0040 99
0.1 120 0.0010 203
0.2 120 0.0035 128
0.3 120 0.0022 125
0.4 120 0.0027 119
0.5 120 0.0056 119
0.6 120 0.0050 119
0.7 120 0.0075 119
0.8 120 0.0055 119
0.1 150 0.0020 199
0.2 150 0.0060 151
0.3 150 0.0075 149
0.4 150 0.0055 150
0.5 150 0.0063 149
0.6 150 0.0096 149
0.7 150 0.0105 149
0.8 150 0.0115 149
0.1 180 0.0030 219
0.2 180 0.0075 183
0.3 180 0.0109 180
0.4 180 0.0086 179
0.5 180 0.0170 179
0.6 180 0.0115 179
0.7 180 0.0131 179
0.8 180 0.0328 179
0.1 200 0.0040 232
0.2 200 0.0056 204
0.3 200 0.0135 199
0.4 200 0.0182 199
0.5 200 0.0116 199
0.6 200 0.0143 199
0.7 200 0.0174 199
0.8 200 0.0191 199
0.1 20 0.0000 73
0.2 20 0.0000 73
0.3 20 0.0000 49
0.4 20 0.0000 32
0.5 20 0.0000 33
0.6 20 0.0010 34
0.7 20 0.0000 30
0.8 20 0.0010 24
0.1 50 0.0000 136
0.2 50 0.0025 87
0.3 50 0.0010 65
0.4 50 0.0020 52
0.5 50 0.0011 52
0.6 50 0.0020 59
0.7 50 0.0010 50
0.8 50 0.0010 50
0.1 70 0.0015 130
0.2 70 0.0010 101
0.3 70 0.0010 72
0.4 70 0.0025 73
0.5 70 0.0020 71
0.6 70 0.0020 72
0.7 70 0.0056 69
0.8 70 0.0045 69
0.1 90 0.0025 144
0.2 90 0.0030 110
0.3 90 0.0030 94
0.4 90 0.0020 91
0.5 90 0.0036 89
0.6 90 0.0061 89
0.7 90 0.0031 89
0.8 90 0.0041 89
0.1 100 0.0020 159
0.2 100 0.0020 117
0.3 100 0.0041 102
0.4 100 0.0045 101
0.5 100 0.0035 99
0.6 100 0.0046 99
0.7 100 0.0040 99
0.8 100 0.0066 99
0.1 120 0.0020 183
0.2 120 0.0031 131
0.3 120 0.0063 123
0.4 120 0.0035 120
0.5 120 0.0060 119
0.6 120 0.0078 119
0.7 120 0.0154 119
0.8 120 0.0095 119
0.1 150 0.0020 199
0.2 150 0.0046 161
0.3 150 0.0047 149
0.4 150 0.0060 150
0.5 150 0.0068 149
0.6 150 0.0137 149
0.7 150 0.0086 149
0.8 150 0.0131 149
0.1 180 0.0030 219
0.2 180 0.0071 189
0.3 180 0.0106 179
0.4 180 0.0137 179
0.5 180 0.0106 179
0.6 180 0.0117 179
0.7 180 0.0140 179
0.8 180 0.0161 179
0.1 200 0.0050 229
0.2 200 0.0075 204
0.3 200 0.0065 199
0.4 200 0.0085 199
0.5 200 0.0114 199
0.6 200 0.0151 199
0.7 200 0.0169 199
0.8 200 0.0196 199
0.1 20 0.0000 70
0.2 20 0.0000 58
0.3 20 0.0000 57
0.4 20 0.0000 38
0.5 20 0.0000 35
0.6 20 0.0000 33
0.7 20 0.0000 23
0.8 20 0.0000 32
0.1 50 0.0000 143
0.2 50 0.0010 72
0.3 50 0.0011 75
0.4 50 0.0010 67
0.5 50 0.0010 52
0.6 50 0.0010 53
0.7 50 0.0020 49
0.8 50 0.0010 49
0.1 70 0.0010 140
0.2 70 0.0010 100
0.3 70 0.0020 80
0.4 70 0.0026 82
0.5 70 0.0010 70
0.6 70 0.0010 69
0.7 70 0.0020 70
0.8 70 0.0020 69
0.1 90 0.0010 151
0.2 90 0.0020 110
0.3 90 0.0030 99
0.4 90 0.0020 90
0.5 90 0.0045 90
0.6 90 0.0025 89
0.7 90 0.0030 89
0.8 90 0.0030 89
0.1 100 0.0020 177
0.2 100 0.0020 114
0.3 100 0.0030 104
0.4 100 0.0020 100
0.5 100 0.0041 99
0.6 100 0.0055 99
0.7 100 0.0046 99
0.8 100 0.0055 99
0.1 120 0.0021 208
0.2 120 0.0045 138
0.3 120 0.0025 124
0.4 120 0.0035 121
0.5 120 0.0075 119
0.6 120 0.0055 119
0.7 120 0.0050 119
0.8 120 0.0080 119
0.1 150 0.0036 229
0.2 150 0.0050 160
0.3 150 0.0095 151
0.4 150 0.0082 149
0.5 150 0.0065 149
0.6 150 0.0091 149
0.7 150 0.0085 149
0.8 150 0.0122 149
0.1 180 0.0035 222
0.2 180 0.0080 184
0.3 180 0.0105 179
0.4 180 0.0107 179
0.5 180 0.0141 179
0.6 180 0.0142 179
0.7 180 0.0161 179
0.8 180 0.0198 179
0.1 200 0.0050 228
0.2 200 0.0135 203
0.3 200 0.0117 199
0.4 200 0.0113 199
0.5 200 0.0200 199
0.6 200 0.0157 199
0.7 200 0.0213 199
0.8 200 0.0241 199
0.1 20 0.0000 92
0.2 20 0.0000 49
0.3 20 0.0000 61
0.4 20 0.0010 44
0.5 20 0.0000 29
0.6 20 0.0010 24
0.7 20 0.0000 27
0.8 20 0.0010 23
0.1 50 0.0000 145
0.2 50 0.0000 73
0.3 50 0.0010 81
0.4 50 0.0000 60
0.5 50 0.0010 55
0.6 50 0.0010 53
0.7 50 0.0025 51
0.8 50 0.0010 50
0.1 70 0.0000 172
0.2 70 0.0010 102
0.3 70 0.0010 83
0.4 70 0.0020 72
0.5 70 0.0015 70
0.6 70 0.0010 69
0.7 70 0.0025 69
0.8 70 0.0020 69
0.1 90 0.0015 156
0.2 90 0.0020 107
0.3 90 0.0016 98
0.4 90 0.0041 91
0.5 90 0.0031 89
0.6 90 0.0060 89
0.7 90 0.0040 89
0.8 90 0.0040 89
0.1 100 0.0015 187
0.2 100 0.0028 113
0.3 100 0.0030 106
0.4 100 0.0040 99
0.5 100 0.0075 99
0.6 100 0.0071 99
0.7 100 0.0041 99
0.8 100 0.0040 99
0.1 120 0.0020 186
0.2 120 0.0030 133
0.3 120 0.0040 122
0.4 120 0.0035 120
0.5 120 0.0036 120
0.6 120 0.0056 119
0.7 120 0.0062 119
0.8 120 0.0072 119
0.1 150 0.0045 214
0.2 150 0.0035 158
0.3 150 0.0075 152
0.4 150 0.0046 150
0.5 150 0.0095 149
0.6 150 0.0075 149
0.7 150 0.0092 149
0.8 150 0.0127 149
0.1 180 0.0055 233
0.2 180 0.0055 186
0.3 180 0.0075 181
0.4 180 0.0086 179
0.5 180 0.0115 179
0.6 180 0.0135 179
0.7 180 0.0155 179
0.8 180 0.0185 179
0.1 200 0.0080 246
0.2 200 0.0040 205
0.3 200 0.0072 199
0.4 200 0.0105 199
0.5 200 0.0136 199
0.6 200 0.0142 199
0.7 200 0.0173 199
0.8 200 0.0198 199
0.1 20 0.0000 71
0.2 20 0.0000 41
0.3 20 0.0000 62
0.4 20 0.0000 37
0.5 20 0.0000 44
0.6 20 0.0000 30
0.7 20 0.0000 28
0.8 20 0.0000 28
0.1 50 0.0000 132
0.2 50 0.0000 102
0.3 50 0.0005 61
0.4 50 0.0000 54
0.5 50 0.0010 57
0.6 50 0.0000 50
0.7 50 0.0020 53
0.8 50 0.0010 51
0.1 70 0.0010 142
0.2 70 0.0010 104
0.3 70 0.0014 86
0.4 70 0.0030 72
0.5 70 0.0005 72
0.6 70 0.0020 71
0.7 70 0.0015 70
0.8 70 0.0020 69
0.1 90 0.0015 145
0.2 90 0.0020 112
0.3 90 0.0020 98
0.4 90 0.0020 90
0.5 90 0.0040 89
0.6 90 0.0051 89
0.7 90 0.0030 89
0.8 90 0.0031 89
0.1 100 0.0020 168
0.2 100 0.0020 123
0.3 100 0.0031 104
0.4 100 0.0020 101
0.5 100 0.0026 99
0.6 100 0.0056 99
0.7 100 0.0031 100
0.8 100 0.0042 99
0.1 120 0.0020 187
0.2 120 0.0031 129
0.3 120 0.0050 124
0.4 120 0.0030 120
0.5 120 0.0085 119
0.6 120 0.0056 119
0.7 120 0.0070 119
0.8 120 0.0055 119
0.1 150 0.0020 185
0.2 150 0.0030 154
0.3 150 0.0075 152
0.4 150 0.0078 149
0.5 150 0.0077 149
0.6 150 0.0096 149
0.7 150 0.0104 149
0.8 150 0.0132 149
0.1 180 0.0040 224
0.2 180 0.0077 185
0.3 180 0.0087 180
0.4 180 0.0211 179
0.5 180 0.0154 179
0.6 180 0.0115 179
0.7 180 0.0135 179
0.8 180 0.0231 179
0.1 200 0.0040 239
0.2 200 0.0080 200
0.3 200 0.0145 199
0.4 200 0.0107 199
0.5 200 0.0211 199
0.6 200 0.0264 199
0.7 200 0.0201 199
0.8 200 0.0204 199
0.1 20 0.0000 94
0.2 20 0.0000 73
0.3 20 0.0000 50
0.4 20 0.0000 38
0.5 20 0.0000 36
0.6 20 0.0000 31
0.7 20 0.0000 27
0.8 20 0.0000 29
0.1 50 0.0000 142
0.2 50 0.0000 85
0.3 50 0.0010 62
0.4 50 0.0010 59
0.5 50 0.0010 51
0.6 50 0.0010 57
0.7 50 0.0010 49
0.8 50 0.0015 51
0.1 70 0.0010 156
0.2 70 0.0014 100
0.3 70 0.0010 80
0.4 70 0.0030 82
0.5 70 0.0040 69
0.6 70 0.0010 70
0.7 70 0.0026 69
0.8 70 0.0020 69
0.1 90 0.0020 164
0.2 90 0.0020 110
0.3 90 0.0020 94
0.4 90 0.0020 90
0.5 90 0.0030 92
0.6 90 0.0037 89
0.7 90 0.0036 89
0.8 90 0.0046 89
0.1 100 0.0010 165
0.2 100 0.0025 109
0.3 100 0.0021 104
0.4 100 0.0020 100
0.5 100 0.0032 100
0.6 100 0.0035 99
0.7 100 0.0205 99
0.8 100 0.0109 99
0.1 120 0.0015 205
0.2 120 0.0040 133
0.3 120 0.0045 121
0.4 120 0.0035 119
0.5 120 0.0040 119
0.6 120 0.0041 119
0.7 120 0.0056 119
0.8 120 0.0117 119
0.1 150 0.0030 194
0.2 150 0.0032 167
0.3 150 0.0073 149
0.4 150 0.0050 149
0.5 150 0.0061 149
0.6 150 0.0066 149
0.7 150 0.0105 149
0.8 150 0.0105 149
0.1 180 0.0035 221
0.2 180 0.0070 182
0.3 180 0.0070 179
0.4 180 0.0136 179
0.5 180 0.0105 179
0.6 180 0.0107 179
0.7 180 0.0137 179
0.8 180 0.0159 179
0.1 200 0.0050 227
0.2 200 0.0087 199
0.3 200 0.0096 202
0.4 200 0.0117 199
0.5 200 0.0118 199
0.6 200 0.0169 199
0.7 200 0.0191 199
0.8 200 0.0215 199
0.1 20 0.0000 63
0.2 20 0.0000 90
0.3 20 0.0000 46
0.4 20 0.0000 43
0.5 20 0.0000 35
0.6 20 0.0010 25
0.7 20 0.0000 27
0.8 20 0.0010 21
0.1 50 0.0000 172
0.2 50 0.0000 82
0.3 50 0.0010 63
0.4 50 0.0010 59
0.5 50 0.0011 54
0.6 50 0.0010 55
0.7 50 0.0010 51
0.8 50 0.0010 50
0.1 70 0.0015 167
0.2 70 0.0010 100
0.3 70 0.0020 78
0.4 70 0.0015 71
0.5 70 0.0020 69
0.6 70 0.0020 70
0.7 70 0.0026 69
0.8 70 0.0020 69
0.1 90 0.0026 160
0.2 90 0.0020 109
0.3 90 0.0020 99
0.4 90 0.0030 91
0.5 90 0.0020 90
0.6 90 0.0062 90
0.7 90 0.0036 89
0.8 90 0.0047 89
0.1 100 0.0010 169
0.2 100 0.0040 108
0.3 100 0.0035 104
0.4 100 0.0020 101
0.5 100 0.0025 99
0.6 100 0.0025 99
0.7 100 0.0060 99
0.8 100 0.0030 99
0.1 120 0.0030 197
0.2 120 0.0030 135
0.3 120 0.0040 126
0.4 120 0.0055 123
0.5 120 0.0030 119
0.6 120 0.0056 119
0.7 120 0.0050 119
0.8 120 0.0085 119
0.1 150 0.0021 203
0.2 150 0.0040 154
0.3 150 0.0040 149
0.4 150 0.0055 149
0.5 150 0.0106 149
0.6 150 0.0096 149
0.7 150 0.0107 149
0.8 150 0.0116 149
0.1 180 0.0030 209
0.2 180 0.0041 192
0.3 180 0.0062 179
0.4 180 0.0076 179
0.5 180 0.0095 179
0.6 180 0.0123 179
0.7 180 0.0146 179
0.8 180 0.0148 179
0.1 200 0.0045 236
0.2 200 0.0050 202
0.3 200 0.0123 200
0.4 200 0.0115 201
0.5 200 0.0121 199
0.6 200 0.0156 199
0.7 200 0.0213 199
0.8 200 0.0222 199
0.1 20 0.0010 78
0.2 20 0.0000 47
0.3 20 0.0000 36
0.4 20 0.0000 39
0.5 20 0.0000 29
0.6 20 0.0000 40
0.7 20 0.0010 19
0.8 20 0.0000 28
0.1 50 0.0000 138
0.2 50 0.0000 98
0.3 50 0.0010 63
0.4 50 0.0010 55
0.5 50 0.0010 51
0.6 50 0.0010 50
0.7 50 0.0015 49
0.8 50 0.0010 51
0.1 70 0.0010 144
0.2 70 0.0010 110
0.3 70 0.0010 84
0.4 70 0.0020 74
0.5 70 0.0020 69
0.6 70 0.0016 70
0.7 70 0.0020 69
0.8 70 0.0029 69
0.1 90 0.0010 138
0.2 90 0.0010 115
0.3 90 0.0030 94
0.4 90 0.0020 90
0.5 90 0.0030 92
0.6 90 0.0020 90
0.7 90 0.0040 89
0.8 90 0.0075 89
0.1 100 0.0000 174
0.2 100 0.0050 120
0.3 100 0.0030 104
0.4 100 0.0040 103
0.5 100 0.0050 100
0.6 100 0.0086 99
0.7 100 0.0061 99
0.8 100 0.0041 99
0.1 120 0.0010 179
0.2 120 0.0036 135
0.3 120 0.0037 122
0.4 120 0.0053 119
0.5 120 0.0065 120
0.6 120 0.0075 119
0.7 120 0.0070 119
0.8 120 0.0066 119
0.1 150 0.0041 206
0.2 150 0.0025 155
0.3 150 0.0036 152
0.4 150 0.0106 150
0.5 150 0.0071 149
0.6 150 0.0097 149
0.7 150 0.0095 149
0.8 150 0.0096 149
0.1 180 0.0037 227
0.2 180 0.0060 186
0.3 180 0.0072 179
0.4 180 0.0076 179
0.5 180 0.0100 179
0.6 180 0.0201 179
0.7 180 0.0136 179
0.8 180 0.0171 179
0.1 200 0.0047 234
0.2 200 0.0070 202
0.3 200 0.0122 199
0.4 200 0.0106 199
0.5 200 0.0126 199
0.6 200 0.0155 199
0.7 200 0.0191 199
0.8 200 0.0211 199
0.1 20 0.0000 78
0.2 20 0.0000 78
0.3 20 0.0000 55
0.4 20 0.0000 37
0.5 20 0.0000 29
0.6 20 0.0000 32
0.7 20 0.0000 27
0.8 20 0.0010 22
0.1 50 0.0000 141
0.2 50 0.0000 110
0.3 50 0.0015 61
0.4 50 0.0010 63
0.5 50 0.0010 54
0.6 50 0.0011 50
0.7 50 0.0015 50
0.8 50 0.0010 50
0.1 70 0.0000 144
0.2 70 0.0010 110
0.3 70 0.0010 77
0.4 70 0.0010 73
0.5 70 0.0036 74
0.6 70 0.0020 69
0.7 70 0.0030 69
0.8 70 0.0020 69
0.1 90 0.0010 153
0.2 90 0.0020 120
0.3 90 0.0020 95
0.4 90 0.0032 93
0.5 90 0.0045 89
0.6 90 0.0045 91
0.7 90 0.0030 89
0.8 90 0.0040 89
0.1 100 0.0011 197
0.2 100 0.0021 113
0.3 100 0.0020 104
0.4 100 0.0051 101
0.5 100 0.0025 100
0.6 100 0.0030 99
0.7 100 0.0052 99
0.8 100 0.0070 99
0.1 120 0.0030 198
0.2 120 0.0030 130
0.3 120 0.0025 121
0.4 120 0.0030 119
0.5 120 0.0075 119
0.6 120 0.0050 119
0.7 120 0.0077 119
0.8 120 0.0085 119
0.1 150 0.0020 197
0.2 150 0.0051 159
0.3 150 0.0067 151
0.4 150 0.0046 149
0.5 150 0.0067 149
0.6 150 0.0085 149
0.7 150 0.0096 149
0.8 150 0.0116 149
0.1 180 0.0031 211
0.2 180 0.0076 180
0.3 180 0.0051 179
0.4 180 0.0086 179
0.5 180 0.0170 179
0.6 180 0.0114 179
0.7 180 0.0141 179
0.8 180 0.0173 179
0.1 200 0.0045 230
0.2 200 0.0086 202
0.3 200 0.0085 199
0.4 200 0.0096 199
0.5 200 0.0122 199
0.6 200 0.0143 199
0.7 200 0.0181 199
0.8 200 0.0212 199
0.1 20 0.0000 98
0.2 20 0.0000 61
0.3 20 0.0000 47
0.4 20 0.0000 31
0.5 20 0.0010 35
0.6 20 0.0000 24
0.7 20 0.0000 24
0.8 20 0.0000 24
0.1 50 0.0000 166
0.2 50 0.0000 85
0.3 50 0.0010 68
0.4 50 0.0015 56
0.5 50 0.0010 53
0.6 50 0.0010 50
0.7 50 0.0010 52
0.8 50 0.0010 49
0.1 70 0.0010 176
0.2 70 0.0010 96
0.3 70 0.0020 77
0.4 70 0.0015 72
0.5 70 0.0010 69
0.6 70 0.0015 70
0.7 70 0.0020 69
0.8 70 0.0020 69
0.1 90 0.0010 199
0.2 90 0.0025 107
0.3 90 0.0020 96
0.4 90 0.0031 92
0.5 90 0.0020 92
0.6 90 0.0031 89
0.7 90 0.0030 89
0.8 90 0.0045 89
0.1 100 0.0010 182
0.2 100 0.0035 112
0.3 100 0.0030 106
0.4 100 0.0065 104
0.5 100 0.0020 100
0.6 100 0.0025 99
0.7 100 0.0047 99
0.8 100 0.0045 100
0.1 120 0.0015 196
0.2 120 0.0020 129
0.3 120 0.0040 122
0.4 120 0.0065 120
0.5 120 0.0030 119
0.6 120 0.0045 119
0.7 120 0.0060 119
0.8 120 0.0060 119
0.1 150 0.0020 214
0.2 150 0.0030 157
0.3 150 0.0090 151
0.4 150 0.0050 150
0.5 150 0.0055 149
0.6 150 0.0082 149
0.7 150 0.0126 149
0.8 150 0.0127 149
0.1 180 0.0045 222
0.2 180 0.0060 184
0.3 180 0.0075 179
0.4 180 0.0085 179
0.5 180 0.0112 179
0.6 180 0.0131 179
0.7 180 0.0142 179
0.8 180 0.0161 179
0.1 200 0.0035 237
0.2 200 0.0095 200
0.3 200 0.0083 199
0.4 200 0.0107 199
0.5 200 0.0140 200
0.6 200 0.0141 199
0.7 200 0.0185 199
0.8 200 0.0224 199
0.1 20 0.0000 98
0.2 20 0.0000 68
0.3 20 0.0000 46
0.4 20 0.0000 39
0.5 20 0.0000 41
0.6 20 0.0000 29
0.7 20 0.0000 23
0.8 20 0.0000 25
0.1 50 0.0010 166
0.2 50 0.0010 83
0.3 50 0.0000 77
0.4 50 0.0000 57
0.5 50 0.0010 53
0.6 50 0.0010 52
0.7 50 0.0020 49
0.8 50 0.0010 52
0.1 70 0.0000 158
0.2 70 0.0010 102
0.3 70 0.0000 78
0.4 70 0.0010 74
0.5 70 0.0022 73
0.6 70 0.0020 69
0.7 70 0.0022 71
0.8 70 0.0015 69
0.1 90 0.0020 189
0.2 90 0.0020 107
0.3 90 0.0010 96
0.4 90 0.0030 93
0.5 90 0.0020 91
0.6 90 0.0030 92
0.7 90 0.0036 89
0.8 90 0.0036 89
0.1 100 0.0010 168
0.2 100 0.0022 109
0.3 100 0.0020 108
0.4 100 0.0030 100
0.5 100 0.0030 102
0.6 100 0.0032 100
0.7 100 0.0031 99
0.8 100 0.0042 99
0.1 120 0.0010 172
0.2 120 0.0036 132
0.3 120 0.0035 121
0.4 120 0.0039 119
0.5 120 0.0070 119
0.6 120 0.0049 119
0.7 120 0.0050 119
0.8 120 0.0070 119
0.1 150 0.0021 204
0.2 150 0.0040 161
0.3 150 0.0036 151
0.4 150 0.0060 149
0.5 150 0.0070 149
0.6 150 0.0075 149
0.7 150 0.0105 149
0.8 150 0.0110 149
0.1 180 0.0040 217
0.2 180 0.0065 191
0.3 180 0.0115 180
0.4 180 0.0095 179
0.5 180 0.0106 179
0.6 180 0.0116 179
0.7 180 0.0145 179
0.8 180 0.0310 179
0.1 200 0.0046 234
0.2 200 0.0112 201
0.3 200 0.0136 199
0.4 200 0.0097 199
0.5 200 0.0212 199
0.6 200 0.0156 199
0.7 200 0.0237 199
0.8 200 0.0275 199
