0.1 20 0.0000 61
0.2 20 0.0000 64
0.3 20 0.0000 38
0.4 20 0.0010 34
0.5 20 0.0010 42
0.6 20 0.0000 25
0.7 20 0.0011 27
0.8 20 0.0011 29
0.1 50 0.0010 159
0.2 50 0.0012 88
0.3 50 0.0010 72
0.4 50 0.0020 57
0.5 50 0.0020 56
0.6 50 0.0020 51
0.7 50 0.0022 49
0.8 50 0.0030 50
0.1 70 0.0025 135
0.2 70 0.0030 86
0.3 70 0.0040 74
0.4 70 0.0026 73
0.5 70 0.0030 72
0.6 70 0.0040 70
0.7 70 0.0040 72
0.8 70 0.0040 69
0.1 90 0.0052 153
0.2 90 0.0042 110
0.3 90 0.0070 98
0.4 90 0.0050 91
0.5 90 0.0052 91
0.6 90 0.0056 90
0.7 90 0.0077 89
0.8 90 0.0096 89
0.1 100 0.0040 177
0.2 100 0.0062 119
0.3 100 0.0040 105
0.4 100 0.0056 100
0.5 100 0.0060 101
0.6 100 0.0076 99
0.7 100 0.0105 99
0.8 100 0.0109 99
0.1 120 0.0067 184
0.2 120 0.0043 131
0.3 120 0.0060 123
0.4 120 0.0090 120
0.5 120 0.0087 119
0.6 120 0.0109 119
0.7 120 0.0130 119
0.8 120 0.0159 119
0.1 150 0.0102 216
0.2 150 0.0117 155
0.3 150 0.0133 149
0.4 150 0.0138 149
0.5 150 0.0193 149
0.6 150 0.0190 149
0.7 150 0.0194 149
0.8 150 0.0240 149
0.1 180 0.0187 221
0.2 180 0.0181 182
0.3 180 0.0274 179
0.4 180 0.0281 179
0.5 180 0.0173 179
0.6 180 0.0241 179
0.7 180 0.0279 179
0.8 180 0.0316 179
0.1 200 0.0163 238
0.2 200 0.0238 202
0.3 200 0.0171 199
0.4 200 0.0223 199
0.5 200 0.0254 199
0.6 200 0.0316 199
0.7 200 0.0309 199
0.8 200 0.0399 199
0.1 20 0.0010 105
0.2 20 0.0000 64
0.3 20 0.0000 62
0.4 20 0.0000 42
0.5 20 0.0000 42
0.6 20 0.0000 29
0.7 20 0.0010 35
0.8 20 0.0010 25
0.1 50 0.0010 146
0.2 50 0.0010 82
0.3 50 0.0020 64
0.4 50 0.0010 57
0.5 50 0.0030 54
0.6 50 0.0026 50
0.7 50 0.0030 51
0.8 50 0.0026 50
0.1 70 0.0020 146
0.2 70 0.0027 101
0.3 70 0.0035 79
0.4 70 0.0030 75
0.5 70 0.0034 70
0.6 70 0.0046 69
0.7 70 0.0062 69
0.8 70 0.0050 69
0.1 90 0.0045 185
0.2 90 0.0045 108
0.3 90 0.0067 98
0.4 90 0.0057 90
0.5 90 0.0062 90
0.6 90 0.0122 90
0.7 90 0.0055 89
0.8 90 0.0067 89
0.1 100 0.0040 153
0.2 100 0.0065 119
0.3 100 0.0082 105
0.4 100 0.0062 102
0.5 100 0.0072 101
0.6 100 0.0080 100
0.7 100 0.0097 101
0.8 100 0.0094 99
0.1 120 0.0053 192
0.2 120 0.0083 138
0.3 120 0.0116 123
0.4 120 0.0137 119
0.5 120 0.0098 119
0.6 120 0.0107 119
0.7 120 0.0117 120
0.8 120 0.0132 119
0.1 150 0.0086 193
0.2 150 0.0132 162
0.3 150 0.0178 150
0.4 150 0.0205 149
0.5 150 0.0137 149
0.6 150 0.0277 149
0.7 150 0.0191 149
0.8 150 0.0223 149
0.1 180 0.0147 225
0.2 180 0.0194 181
0.3 180 0.0140 181
0.4 180 0.0295 179
0.5 180 0.0225 179
0.6 180 0.0233 179
0.7 180 0.0226 179
0.8 180 0.0315 179
0.1 200 0.0168 222
0.2 200 0.0244 206
0.3 200 0.0198 199
0.4 200 0.0243 199
0.5 200 0.0261 199
0.6 200 0.0302 199
0.7 200 0.0376 199
0.8 200 0.0365 199
0.1 20 0.0010 98
0.2 20 0.0000 59
0.3 20 0.0010 60
0.4 20 0.0000 49
0.5 20 0.0005 27
0.6 20 0.0012 32
0.7 20 0.0000 30
0.8 20 0.0000 24
0.1 50 0.0010 158
0.2 50 0.0010 86
0.3 50 0.0020 69
0.4 50 0.0020 62
0.5 50 0.0020 50
0.6 50 0.0020 52
0.7 50 0.0020 50
0.8 50 0.0030 49
0.1 70 0.0020 176
0.2 70 0.0020 96
0.3 70 0.0040 77
0.4 70 0.0050 76
0.5 70 0.0057 72
0.6 70 0.0048 69
0.7 70 0.0045 69
0.8 70 0.0046 69
0.1 90 0.0065 164
0.2 90 0.0053 108
0.3 90 0.0066 96
0.4 90 0.0050 89
0.5 90 0.0050 91
0.6 90 0.0061 90
0.7 90 0.0070 89
0.8 90 0.0080 89
0.1 100 0.0040 189
0.2 100 0.0062 122
0.3 100 0.0042 106
0.4 100 0.0109 101
0.5 100 0.0108 101
0.6 100 0.0077 100
0.7 100 0.0138 99
0.8 100 0.0085 99
0.1 120 0.0062 190
0.2 120 0.0075 130
0.3 120 0.0062 121
0.4 120 0.0085 119
0.5 120 0.0126 119
0.6 120 0.0085 119
0.7 120 0.0101 119
0.8 120 0.0227 119
0.1 150 0.0083 225
0.2 150 0.0127 158
0.3 150 0.0179 150
0.4 150 0.0126 149
0.5 150 0.0149 149
0.6 150 0.0178 149
0.7 150 0.0209 149
0.8 150 0.0205 149
0.1 180 0.0133 236
0.2 180 0.0119 184
0.3 180 0.0158 179
0.4 180 0.0183 179
0.5 180 0.0234 179
0.6 180 0.0270 179
0.7 180 0.0276 179
0.8 180 0.0287 179
0.1 200 0.0179 240
0.2 200 0.0235 204
0.3 200 0.0191 202
0.4 200 0.0370 199
0.5 200 0.0269 199
0.6 200 0.0302 199
0.7 200 0.0335 199
0.8 200 0.0395 199
0.1 20 0.0000 73
0.2 20 0.0000 70
0.3 20 0.0000 42
0.4 20 0.0000 36
0.5 20 0.0000 26
0.6 20 0.0000 32
0.7 20 0.0010 30
0.8 20 0.0010 23
0.1 50 0.0010 142
0.2 50 0.0020 82
0.3 50 0.0025 73
0.4 50 0.0010 57
0.5 50 0.0026 53
0.6 50 0.0026 50
0.7 50 0.0030 51
0.8 50 0.0030 49
0.1 70 0.0030 171
0.2 70 0.0030 92
0.3 70 0.0040 78
0.4 70 0.0026 75
0.5 70 0.0035 70
0.6 70 0.0040 70
0.7 70 0.0046 69
0.8 70 0.0055 69
0.1 90 0.0046 179
0.2 90 0.0057 111
0.3 90 0.0045 97
0.4 90 0.0055 95
0.5 90 0.0085 90
0.6 90 0.0061 90
0.7 90 0.0086 89
0.8 90 0.0077 89
0.1 100 0.0041 150
0.2 100 0.0057 122
0.3 100 0.0097 104
0.4 100 0.0067 103
0.5 100 0.0076 99
0.6 100 0.0075 99
0.7 100 0.0085 99
0.8 100 0.0095 99
0.1 120 0.0061 194
0.2 120 0.0090 128
0.3 120 0.0126 120
0.4 120 0.0082 119
0.5 120 0.0095 120
0.6 120 0.0126 119
0.7 120 0.0116 119
0.8 120 0.0137 119
0.1 150 0.0096 188
0.2 150 0.0087 153
0.3 150 0.0235 152
0.4 150 0.0232 149
0.5 150 0.0155 149
0.6 150 0.0183 149
0.7 150 0.0191 149
0.8 150 0.0205 149
0.1 180 0.0201 204
0.2 180 0.0150 181
0.3 180 0.0152 180
0.4 180 0.0191 179
0.5 180 0.0202 179
0.6 180 0.0225 179
0.7 180 0.0287 179
0.8 180 0.0268 179
0.1 200 0.0157 234
0.2 200 0.0127 202
0.3 200 0.0263 200
0.4 200 0.0194 199
0.5 200 0.0231 199
0.6 200 0.0268 199
0.7 200 0.0272 199
0.8 200 0.0276 199
0.1 20 0.0000 64
0.2 20 0.0000 58
0.3 20 0.0000 51
0.4 20 0.0000 41
0.5 20 0.0000 53
0.6 20 0.0000 31
0.7 20 0.0000 26
0.8 20 0.0010 28
0.1 50 0.0010 168
0.2 50 0.0011 78
0.3 50 0.0024 65
0.4 50 0.0020 58
0.5 50 0.0010 53
0.6 50 0.0014 51
0.7 50 0.0020 49
0.8 50 0.0026 50
0.1 70 0.0020 155
0.2 70 0.0015 91
0.3 70 0.0032 82
0.4 70 0.0020 73
0.5 70 0.0040 72
0.6 70 0.0031 71
0.7 70 0.0020 69
0.8 70 0.0030 69
0.1 90 0.0024 170
0.2 90 0.0031 101
0.3 90 0.0051 93
0.4 90 0.0065 94
0.5 90 0.0036 91
0.6 90 0.0035 89
0.7 90 0.0056 89
0.8 90 0.0050 89
0.1 100 0.0026 180
0.2 100 0.0030 113
0.3 100 0.0050 107
0.4 100 0.0057 99
0.5 100 0.0045 99
0.6 100 0.0057 99
0.7 100 0.0056 99
0.8 100 0.0077 99
0.1 120 0.0050 179
0.2 120 0.0050 134
0.3 120 0.0041 123
0.4 120 0.0085 120
0.5 120 0.0065 119
0.6 120 0.0066 119
0.7 120 0.0070 119
0.8 120 0.0105 119
0.1 150 0.0086 201
0.2 150 0.0081 158
0.3 150 0.0071 152
0.4 150 0.0081 150
0.5 150 0.0095 149
0.6 150 0.0098 149
0.7 150 0.0115 149
0.8 150 0.0147 149
0.1 180 0.0080 216
0.2 180 0.0076 188
0.3 180 0.0153 180
0.4 180 0.0143 179
0.5 180 0.0190 180
0.6 180 0.0123 179
0.7 180 0.0137 179
0.8 180 0.0168 179
0.1 200 0.0091 233
0.2 200 0.0136 202
0.3 200 0.0191 200
0.4 200 0.0216 199
0.5 200 0.0237 199
0.6 200 0.0161 199
0.7 200 0.0192 199
0.8 200 0.0199 199
0.1 20 0.0000 56
0.2 20 0.0000 63
0.3 20 0.0010 40
0.4 20 0.0000 31
0.5 20 0.0000 30
0.6 20 0.0010 34
0.7 20 0.0000 23
0.8 20 0.0000 22
0.1 50 0.0016 152
0.2 50 0.0011 80
0.3 50 0.0010 75
0.4 50 0.0010 64
0.5 50 0.0016 57
0.6 50 0.0011 51
0.7 50 0.0010 52
0.8 50 0.0015 50
0.1 70 0.0010 169
0.2 70 0.0010 105
0.3 70 0.0020 78
0.4 70 0.0020 76
0.5 70 0.0026 73
0.6 70 0.0020 69
0.7 70 0.0037 69
0.8 70 0.0025 69
0.1 90 0.0020 167
0.2 90 0.0032 104
0.3 90 0.0030 95
0.4 90 0.0041 91
0.5 90 0.0025 89
0.6 90 0.0030 89
0.7 90 0.0040 90
0.8 90 0.0040 89
0.1 100 0.0020 179
0.2 100 0.0030 114
0.3 100 0.0050 100
0.4 100 0.0052 100
0.5 100 0.0040 101
0.6 100 0.0041 99
0.7 100 0.0040 99
0.8 100 0.0045 99
0.1 120 0.0040 174
0.2 120 0.0030 130
0.3 120 0.0036 122
0.4 120 0.0047 119
0.5 120 0.0093 119
0.6 120 0.0055 119
0.7 120 0.0060 119
0.8 120 0.0072 119
0.1 150 0.0040 211
0.2 150 0.0071 157
0.3 150 0.0051 149
0.4 150 0.0070 149
0.5 150 0.0075 149
0.6 150 0.0095 149
0.7 150 0.0105 149
0.8 150 0.0111 149
0.1 180 0.0066 226
0.2 180 0.0098 191
0.3 180 0.0126 179
0.4 180 0.0096 180
0.5 180 0.0123 179
0.6 180 0.0147 179
0.7 180 0.0251 179
0.8 180 0.0174 179
0.1 200 0.0115 227
0.2 200 0.0125 202
0.3 200 0.0106 199
0.4 200 0.0126 199
0.5 200 0.0135 199
0.6 200 0.0165 199
0.7 200 0.0200 199
0.8 200 0.0248 199
0.1 20 0.0001 73
0.2 20 0.0000 54
0.3 20 0.0000 36
0.4 20 0.0000 53
0.5 20 0.0000 30
0.6 20 0.0000 28
0.7 20 0.0000 22
0.8 20 0.0010 24
0.1 50 0.0010 125
0.2 50 0.0000 91
0.3 50 0.0010 64
0.4 50 0.0010 58
0.5 50 0.0010 52
0.6 50 0.0011 51
0.7 50 0.0010 50
0.8 50 0.0015 49
0.1 70 0.0009 171
0.2 70 0.0011 101
0.3 70 0.0021 80
0.4 70 0.0020 71
0.5 70 0.0030 70
0.6 70 0.0020 69
0.7 70 0.0020 69
0.8 70 0.0030 69
0.1 90 0.0031 164
0.2 90 0.0030 130
0.3 90 0.0030 97
0.4 90 0.0031 94
0.5 90 0.0045 90
0.6 90 0.0036 89
0.7 90 0.0045 89
0.8 90 0.0035 89
0.1 100 0.0020 170
0.2 100 0.0035 120
0.3 100 0.0020 102
0.4 100 0.0050 99
0.5 100 0.0060 101
0.6 100 0.0040 99
0.7 100 0.0040 99
0.8 100 0.0055 99
0.1 120 0.0040 200
0.2 120 0.0040 134
0.3 120 0.0055 121
0.4 120 0.0071 119
0.5 120 0.0076 119
0.6 120 0.0076 119
0.7 120 0.0060 120
0.8 120 0.0088 119
0.1 150 0.0095 214
0.2 150 0.0080 153
0.3 150 0.0090 152
0.4 150 0.0110 150
0.5 150 0.0094 149
0.6 150 0.0102 149
0.7 150 0.0115 149
0.8 150 0.0132 149
0.1 180 0.0085 226
0.2 180 0.0106 184
0.3 180 0.0147 181
0.4 180 0.0164 179
0.5 180 0.0128 179
0.6 180 0.0127 179
0.7 180 0.0160 179
0.8 180 0.0179 179
0.1 200 0.0095 235
0.2 200 0.0087 201
0.3 200 0.0096 200
0.4 200 0.0153 199
0.5 200 0.0157 199
0.6 200 0.0162 199
0.7 200 0.0243 199
0.8 200 0.0233 199
0.1 20 0.0000 66
0.2 20 0.0000 50
0.3 20 0.0000 43
0.4 20 0.0000 44
0.5 20 0.0010 34
0.6 20 0.0000 28
0.7 20 0.0000 30
0.8 20 0.0000 25
0.1 50 0.0000 153
0.2 50 0.0010 90
0.3 50 0.0010 71
0.4 50 0.0010 60
0.5 50 0.0010 63
0.6 50 0.0010 52
0.7 50 0.0010 49
0.8 50 0.0010 51
0.1 70 0.0010 161
0.2 70 0.0020 96
0.3 70 0.0025 78
0.4 70 0.0030 71
0.5 70 0.0016 75
0.6 70 0.0021 69
0.7 70 0.0025 69
0.8 70 0.0031 69
0.1 90 0.0015 161
0.2 90 0.0030 106
0.3 90 0.0050 103
0.4 90 0.0056 93
0.5 90 0.0040 90
0.6 90 0.0036 90
0.7 90 0.0055 89
0.8 90 0.0040 89
0.1 100 0.0025 173
0.2 100 0.0020 115
0.3 100 0.0036 110
0.4 100 0.0030 99
0.5 100 0.0055 100
0.6 100 0.0045 99
0.7 100 0.0048 99
0.8 100 0.0065 99
0.1 120 0.0025 185
0.2 120 0.0040 131
0.3 120 0.0040 121
0.4 120 0.0040 120
0.5 120 0.0060 119
0.6 120 0.0077 119
0.7 120 0.0066 119
0.8 120 0.0070 119
0.1 150 0.0060 197
0.2 150 0.0040 156
0.3 150 0.0105 151
0.4 150 0.0086 151
0.5 150 0.0084 149
0.6 150 0.0115 149
0.7 150 0.0107 149
0.8 150 0.0117 149
0.1 180 0.0060 218
0.2 180 0.0055 183
0.3 180 0.0094 181
0.4 180 0.0095 179
0.5 180 0.0136 179
0.6 180 0.0125 179
0.7 180 0.0172 179
0.8 180 0.0183 179
0.1 200 0.0085 244
0.2 200 0.0092 203
0.3 200 0.0178 199
0.4 200 0.0146 199
0.5 200 0.0141 199
0.6 200 0.0266 199
0.7 200 0.0206 199
0.8 200 0.0191 199
0.1 20 0.0000 75
0.2 20 0.0000 59
0.3 20 0.0000 43
0.4 20 0.0000 35
0.5 20 0.0000 30
0.6 20 0.0000 27
0.7 20 0.0000 23
0.8 20 0.0000 21
0.1 50 0.0000 119
0.2 50 0.0010 95
0.3 50 0.0010 73
0.4 50 0.0010 57
0.5 50 0.0010 58
0.6 50 0.0010 52
0.7 50 0.0010 49
0.8 50 0.0010 49
0.1 70 0.0010 168
0.2 70 0.0024 103
0.3 70 0.0021 81
0.4 70 0.0010 74
0.5 70 0.0020 70
0.6 70 0.0020 71
0.7 70 0.0020 69
0.8 70 0.0026 69
0.1 90 0.0010 175
0.2 90 0.0020 102
0.3 90 0.0030 92
0.4 90 0.0026 89
0.5 90 0.0046 89
0.6 90 0.0030 89
0.7 90 0.0030 89
0.8 90 0.0040 89
0.1 100 0.0020 166
0.2 100 0.0040 115
0.3 100 0.0040 107
0.4 100 0.0030 100
0.5 100 0.0045 99
0.6 100 0.0066 99
0.7 100 0.0040 99
0.8 100 0.0050 99
0.1 120 0.0030 183
0.2 120 0.0046 131
0.3 120 0.0065 125
0.4 120 0.0075 119
0.5 120 0.0050 119
0.6 120 0.0071 119
0.7 120 0.0072 119
0.8 120 0.0074 119
0.1 150 0.0054 205
0.2 150 0.0065 160
0.3 150 0.0095 151
0.4 150 0.0071 149
0.5 150 0.0070 149
0.6 150 0.0086 149
0.7 150 0.0106 149
0.8 150 0.0126 149
0.1 180 0.0061 217
0.2 180 0.0098 182
0.3 180 0.0118 181
0.4 180 0.0096 179
0.5 180 0.0196 179
0.6 180 0.0142 179
0.7 180 0.0252 179
0.8 180 0.0156 179
0.1 200 0.0151 227
0.2 200 0.0146 201
0.3 200 0.0096 201
0.4 200 0.0148 199
0.5 200 0.0147 199
0.6 200 0.0171 199
0.7 200 0.0192 199
0.8 200 0.0232 199
0.1 20 0.0000 61
0.2 20 0.0010 64
0.3 20 0.0000 55
0.4 20 0.0000 36
0.5 20 0.0010 30
0.6 20 0.0000 25
0.7 20 0.0000 23
0.8 20 0.0000 24
0.1 50 0.0010 165
0.2 50 0.0010 84
0.3 50 0.0011 62
0.4 50 0.0020 54
0.5 50 0.0010 55
0.6 50 0.0010 53
0.7 50 0.0020 51
0.8 50 0.0020 50
0.1 70 0.0026 152
0.2 70 0.0021 107
0.3 70 0.0020 78
0.4 70 0.0020 72
0.5 70 0.0010 71
0.6 70 0.0040 69
0.7 70 0.0046 69
0.8 70 0.0056 69
0.1 90 0.0020 141
0.2 90 0.0025 104
0.3 90 0.0030 95
0.4 90 0.0020 91
0.5 90 0.0030 90
0.6 90 0.0036 89
0.7 90 0.0030 89
0.8 90 0.0040 89
0.1 100 0.0020 166
0.2 100 0.0020 122
0.3 100 0.0020 108
0.4 100 0.0045 100
0.5 100 0.0040 99
0.6 100 0.0040 99
0.7 100 0.0040 99
0.8 100 0.0051 99
0.1 120 0.0030 203
0.2 120 0.0040 128
0.3 120 0.0040 125
0.4 120 0.0040 119
0.5 120 0.0050 119
0.6 120 0.0056 119
0.7 120 0.0066 119
0.8 120 0.0085 119
0.1 150 0.0056 199
0.2 150 0.0064 151
0.3 150 0.0103 149
0.4 150 0.0070 150
0.5 150 0.0097 149
0.6 150 0.0095 149
0.7 150 0.0106 149
0.8 150 0.0134 149
0.1 180 0.0082 219
0.2 180 0.0107 183
0.3 180 0.0146 180
0.4 180 0.0121 179
0.5 180 0.0201 179
0.6 180 0.0135 179
0.7 180 0.0152 179
0.8 180 0.0326 179
0.1 200 0.0076 232
0.2 200 0.0075 204
0.3 200 0.0157 199
0.4 200 0.0203 199
0.5 200 0.0127 199
0.6 200 0.0158 199
0.7 200 0.0170 199
0.8 200 0.0194 199
0.1 20 0.0000 73
0.2 20 0.0000 73
0.3 20 0.0000 49
0.4 20 0.0000 32
0.5 20 0.0000 33
0.6 20 0.0000 34
0.7 20 0.0000 30
0.8 20 0.0000 24
0.1 50 0.0010 136
0.2 50 0.0010 87
0.3 50 0.0010 65
0.4 50 0.0020 52
0.5 50 0.0015 52
0.6 50 0.0010 59
0.7 50 0.0010 50
0.8 50 0.0010 50
0.1 70 0.0020 130
0.2 70 0.0010 101
0.3 70 0.0020 72
0.4 70 0.0030 73
0.5 70 0.0010 71
0.6 70 0.0030 72
0.7 70 0.0092 69
0.8 70 0.0040 69
0.1 90 0.0030 144
0.2 90 0.0051 110
0.3 90 0.0026 94
0.4 90 0.0020 91
0.5 90 0.0032 89
0.6 90 0.0060 89
0.7 90 0.0040 89
0.8 90 0.0041 89
0.1 100 0.0030 159
0.2 100 0.0031 117
0.3 100 0.0046 102
0.4 100 0.0070 101
0.5 100 0.0040 99
0.6 100 0.0051 99
0.7 100 0.0056 99
0.8 100 0.0060 99
0.1 120 0.0032 183
0.2 120 0.0061 131
0.3 120 0.0086 123
0.4 120 0.0052 120
0.5 120 0.0088 119
0.6 120 0.0084 119
0.7 120 0.0117 119
0.8 120 0.0086 119
0.1 150 0.0066 199
0.2 150 0.0071 161
0.3 150 0.0051 149
0.4 150 0.0067 150
0.5 150 0.0066 149
0.6 150 0.0167 149
0.7 150 0.0097 149
0.8 150 0.0127 149
0.1 180 0.0070 219
0.2 180 0.0095 189
0.3 180 0.0135 179
0.4 180 0.0162 179
0.5 180 0.0105 179
0.6 180 0.0127 179
0.7 180 0.0137 179
0.8 180 0.0173 179
0.1 200 0.0085 229
0.2 200 0.0125 204
0.3 200 0.0095 199
0.4 200 0.0117 199
0.5 200 0.0149 199
0.6 200 0.0162 199
0.7 200 0.0191 199
0.8 200 0.0202 199
0.1 20 0.0000 70
0.2 20 0.0010 58
0.3 20 0.0000 57
0.4 20 0.0000 38
0.5 20 0.0011 35
0.6 20 0.0010 33
0.7 20 0.0000 23
0.8 20 0.0000 32
0.1 50 0.0015 143
0.2 50 0.0010 72
0.3 50 0.0010 75
0.4 50 0.0010 67
0.5 50 0.0010 52
0.6 50 0.0010 53
0.7 50 0.0020 49
0.8 50 0.0015 49
0.1 70 0.0010 140
0.2 70 0.0020 100
0.3 70 0.0022 80
0.4 70 0.0021 82
0.5 70 0.0020 70
0.6 70 0.0039 69
0.7 70 0.0020 70
0.8 70 0.0020 69
0.1 90 0.0010 151
0.2 90 0.0020 110
0.3 90 0.0030 99
0.4 90 0.0020 90
0.5 90 0.0070 90
0.6 90 0.0030 89
0.7 90 0.0040 89
0.8 90 0.0040 89
0.1 100 0.0030 177
0.2 100 0.0034 114
0.3 100 0.0044 104
0.4 100 0.0045 100
0.5 100 0.0055 99
0.6 100 0.0041 99
0.7 100 0.0051 99
0.8 100 0.0045 99
0.1 120 0.0030 208
0.2 120 0.0040 138
0.3 120 0.0040 124
0.4 120 0.0040 121
0.5 120 0.0085 119
0.6 120 0.0064 119
0.7 120 0.0092 119
0.8 120 0.0076 119
0.1 150 0.0080 229
0.2 150 0.0081 160
0.3 150 0.0101 151
0.4 150 0.0132 149
0.5 150 0.0095 149
0.6 150 0.0096 149
0.7 150 0.0103 149
0.8 150 0.0115 149
0.1 180 0.0060 222
0.2 180 0.0130 184
0.3 180 0.0156 179
0.4 180 0.0142 179
0.5 180 0.0151 179
0.6 180 0.0155 179
0.7 180 0.0156 179
0.8 180 0.0167 179
0.1 200 0.0096 228
0.2 200 0.0123 203
0.3 200 0.0171 199
0.4 200 0.0125 199
0.5 200 0.0297 199
0.6 200 0.0176 199
0.7 200 0.0187 199
0.8 200 0.0220 199
0.1 20 0.0000 92
0.2 20 0.0000 49
0.3 20 0.0000 61
0.4 20 0.0000 44
0.5 20 0.0000 29
0.6 20 0.0000 24
0.7 20 0.0000 27
0.8 20 0.0000 23
0.1 50 0.0010 145
0.2 50 0.0015 73
0.3 50 0.0010 81
0.4 50 0.0010 60
0.5 50 0.0010 55
0.6 50 0.0020 53
0.7 50 0.0020 51
0.8 50 0.0020 50
0.1 70 0.0020 172
0.2 70 0.0000 102
0.3 70 0.0025 83
0.4 70 0.0020 72
0.5 70 0.0020 70
0.6 70 0.0020 69
0.7 70 0.0020 69
0.8 70 0.0020 69
0.1 90 0.0020 156
0.2 90 0.0030 107
0.3 90 0.0020 98
0.4 90 0.0045 91
0.5 90 0.0030 89
0.6 90 0.0047 89
0.7 90 0.0035 89
0.8 90 0.0066 89
0.1 100 0.0020 187
0.2 100 0.0040 113
0.3 100 0.0035 106
0.4 100 0.0061 99
0.5 100 0.0053 99
0.6 100 0.0060 99
0.7 100 0.0040 99
0.8 100 0.0061 99
0.1 120 0.0030 186
0.2 120 0.0045 133
0.3 120 0.0051 122
0.4 120 0.0040 120
0.5 120 0.0050 120
0.6 120 0.0083 119
0.7 120 0.0065 119
0.8 120 0.0075 119
0.1 150 0.0070 214
0.2 150 0.0050 158
0.3 150 0.0087 152
0.4 150 0.0076 150
0.5 150 0.0081 149
0.6 150 0.0106 149
0.7 150 0.0126 149
0.8 150 0.0106 149
0.1 180 0.0095 233
0.2 180 0.0106 186
0.3 180 0.0075 181
0.4 180 0.0095 179
0.5 180 0.0115 179
0.6 180 0.0146 179
0.7 180 0.0150 179
0.8 180 0.0165 179
0.1 200 0.0105 246
0.2 200 0.0076 205
0.3 200 0.0089 199
0.4 200 0.0127 199
0.5 200 0.0146 199
0.6 200 0.0157 199
0.7 200 0.0181 199
0.8 200 0.0192 199
0.1 20 0.0000 71
0.2 20 0.0000 41
0.3 20 0.0000 62
0.4 20 0.0010 37
0.5 20 0.0000 44
0.6 20 0.0010 30
0.7 20 0.0000 28
0.8 20 0.0010 28
0.1 50 0.0010 132
0.2 50 0.0010 102
0.3 50 0.0000 61
0.4 50 0.0011 54
0.5 50 0.0010 57
0.6 50 0.0010 50
0.7 50 0.0026 53
0.8 50 0.0010 51
0.1 70 0.0010 142
0.2 70 0.0020 104
0.3 70 0.0010 86
0.4 70 0.0030 72
0.5 70 0.0010 72
0.6 70 0.0020 71
0.7 70 0.0020 70
0.8 70 0.0020 69
0.1 90 0.0030 145
0.2 90 0.0020 112
0.3 90 0.0035 98
0.4 90 0.0025 90
0.5 90 0.0055 89
0.6 90 0.0046 89
0.7 90 0.0057 89
0.8 90 0.0035 89
0.1 100 0.0021 168
0.2 100 0.0035 123
0.3 100 0.0045 104
0.4 100 0.0030 101
0.5 100 0.0040 99
0.6 100 0.0061 99
0.7 100 0.0055 100
0.8 100 0.0050 99
0.1 120 0.0045 187
0.2 120 0.0047 129
0.3 120 0.0065 124
0.4 120 0.0044 120
0.5 120 0.0085 119
0.6 120 0.0060 119
0.7 120 0.0065 119
0.8 120 0.0091 119
0.1 150 0.0047 185
0.2 150 0.0036 154
0.3 150 0.0086 152
0.4 150 0.0080 149
0.5 150 0.0075 149
0.6 150 0.0096 149
0.7 150 0.0145 149
0.8 150 0.0132 149
0.1 180 0.0067 224
0.2 180 0.0150 185
0.3 180 0.0107 180
0.4 180 0.0212 179
0.5 180 0.0155 179
0.6 180 0.0142 179
0.7 180 0.0152 179
0.8 180 0.0173 179
0.1 200 0.0076 239
0.2 200 0.0116 200
0.3 200 0.0163 199
0.4 200 0.0118 199
0.5 200 0.0235 199
0.6 200 0.0278 199
0.7 200 0.0180 199
0.8 200 0.0198 199
0.1 20 0.0000 94
0.2 20 0.0000 73
0.3 20 0.0000 50
0.4 20 0.0000 38
0.5 20 0.0010 36
0.6 20 0.0000 31
0.7 20 0.0000 27
0.8 20 0.0015 29
0.1 50 0.0010 142
0.2 50 0.0010 85
0.3 50 0.0010 62
0.4 50 0.0010 59
0.5 50 0.0011 51
0.6 50 0.0010 57
0.7 50 0.0020 49
0.8 50 0.0010 51
0.1 70 0.0011 156
0.2 70 0.0010 100
0.3 70 0.0031 80
0.4 70 0.0043 82
0.5 70 0.0055 69
0.6 70 0.0020 70
0.7 70 0.0020 69
0.8 70 0.0020 69
0.1 90 0.0010 164
0.2 90 0.0020 110
0.3 90 0.0043 94
0.4 90 0.0031 90
0.5 90 0.0050 92
0.6 90 0.0030 89
0.7 90 0.0030 89
0.8 90 0.0040 89
0.1 100 0.0020 165
0.2 100 0.0030 109
0.3 100 0.0035 104
0.4 100 0.0030 100
0.5 100 0.0030 100
0.6 100 0.0106 99
0.7 100 0.0057 99
0.8 100 0.0116 99
0.1 120 0.0030 205
0.2 120 0.0042 133
0.3 120 0.0061 121
0.4 120 0.0041 119
0.5 120 0.0066 119
0.6 120 0.0056 119
0.7 120 0.0087 119
0.8 120 0.0117 119
0.1 150 0.0070 194
0.2 150 0.0040 167
0.3 150 0.0094 149
0.4 150 0.0066 149
0.5 150 0.0086 149
0.6 150 0.0087 149
0.7 150 0.0106 149
0.8 150 0.0118 149
0.1 180 0.0066 221
0.2 180 0.0106 182
0.3 180 0.0080 179
0.4 180 0.0160 179
0.5 180 0.0122 179
0.6 180 0.0137 179
0.7 180 0.0147 179
0.8 180 0.0156 179
0.1 200 0.0082 227
0.2 200 0.0141 199
0.3 200 0.0152 202
0.4 200 0.0136 199
0.5 200 0.0161 199
0.6 200 0.0182 199
0.7 200 0.0211 199
0.8 200 0.0210 199
0.1 20 0.0000 63
0.2 20 0.0000 90
0.3 20 0.0000 46
0.4 20 0.0000 43
0.5 20 0.0000 35
0.6 20 0.0000 25
0.7 20 0.0000 27
0.8 20 0.0000 21
0.1 50 0.0010 172
0.2 50 0.0017 82
0.3 50 0.0010 63
0.4 50 0.0011 59
0.5 50 0.0010 54
0.6 50 0.0011 55
0.7 50 0.0030 51
0.8 50 0.0000 50
0.1 70 0.0010 167
0.2 70 0.0020 100
0.3 70 0.0020 78
0.4 70 0.0020 71
0.5 70 0.0020 69
0.6 70 0.0030 70
0.7 70 0.0045 69
0.8 70 0.0020 69
0.1 90 0.0040 160
0.2 90 0.0021 109
0.3 90 0.0030 99
0.4 90 0.0043 91
0.5 90 0.0030 90
0.6 90 0.0067 90
0.7 90 0.0040 89
0.8 90 0.0041 89
0.1 100 0.0037 169
0.2 100 0.0030 108
0.3 100 0.0061 104
0.4 100 0.0030 101
0.5 100 0.0041 99
0.6 100 0.0041 99
0.7 100 0.0061 99
0.8 100 0.0041 99
0.1 120 0.0025 197
0.2 120 0.0045 135
0.3 120 0.0057 126
0.4 120 0.0045 123
0.5 120 0.0051 119
0.6 120 0.0060 119
0.7 120 0.0068 119
0.8 120 0.0070 119
0.1 150 0.0040 203
0.2 150 0.0065 154
0.3 150 0.0056 149
0.4 150 0.0060 149
0.5 150 0.0145 149
0.6 150 0.0088 149
0.7 150 0.0121 149
0.8 150 0.0115 149
0.1 180 0.0075 209
0.2 180 0.0057 192
0.3 180 0.0085 179
0.4 180 0.0107 179
0.5 180 0.0109 179
0.6 180 0.0142 179
0.7 180 0.0151 179
0.8 180 0.0155 179
0.1 200 0.0087 236
0.2 200 0.0076 202
0.3 200 0.0164 200
0.4 200 0.0125 201
0.5 200 0.0165 199
0.6 200 0.0165 199
0.7 200 0.0191 199
0.8 200 0.0203 199
0.1 20 0.0000 78
0.2 20 0.0000 47
0.3 20 0.0000 36
0.4 20 0.0000 39
0.5 20 0.0000 29
0.6 20 0.0000 40
0.7 20 0.0000 19
0.8 20 0.0000 28
0.1 50 0.0000 138
0.2 50 0.0015 98
0.3 50 0.0010 63
0.4 50 0.0020 55
0.5 50 0.0015 51
0.6 50 0.0010 50
0.7 50 0.0020 49
0.8 50 0.0010 51
0.1 70 0.0010 144
0.2 70 0.0035 110
0.3 70 0.0010 84
0.4 70 0.0025 74
0.5 70 0.0040 69
0.6 70 0.0020 70
0.7 70 0.0020 69
0.8 70 0.0020 69
0.1 90 0.0020 138
0.2 90 0.0019 115
0.3 90 0.0030 94
0.4 90 0.0020 90
0.5 90 0.0065 92
0.6 90 0.0033 90
0.7 90 0.0045 89
0.8 90 0.0060 89
0.1 100 0.0035 174
0.2 100 0.0035 120
0.3 100 0.0040 104
0.4 100 0.0050 103
0.5 100 0.0050 100
0.6 100 0.0065 99
0.7 100 0.0050 99
0.8 100 0.0055 99
0.1 120 0.0030 179
0.2 120 0.0050 135
0.3 120 0.0050 122
0.4 120 0.0055 119
0.5 120 0.0050 120
0.6 120 0.0065 119
0.7 120 0.0066 119
0.8 120 0.0096 119
0.1 150 0.0076 206
0.2 150 0.0061 155
0.3 150 0.0060 152
0.4 150 0.0136 150
0.5 150 0.0095 149
0.6 150 0.0086 149
0.7 150 0.0106 149
0.8 150 0.0119 149
0.1 180 0.0060 227
0.2 180 0.0066 186
0.3 180 0.0077 179
0.4 180 0.0115 179
0.5 180 0.0115 179
0.6 180 0.0214 179
0.7 180 0.0134 179
0.8 180 0.0167 179
0.1 200 0.0082 234
0.2 200 0.0152 202
0.3 200 0.0166 199
0.4 200 0.0136 199
0.5 200 0.0145 199
0.6 200 0.0165 199
0.7 200 0.0193 199
0.8 200 0.0201 199
0.1 20 0.0000 78
0.2 20 0.0010 78
0.3 20 0.0000 55
0.4 20 0.0000 37
0.5 20 0.0010 29
0.6 20 0.0000 32
0.7 20 0.0000 27
0.8 20 0.0000 22
0.1 50 0.0010 141
0.2 50 0.0000 110
0.3 50 0.0010 61
0.4 50 0.0010 63
0.5 50 0.0010 54
0.6 50 0.0010 50
0.7 50 0.0010 50
0.8 50 0.0010 50
0.1 70 0.0010 144
0.2 70 0.0011 110
0.3 70 0.0034 77
0.4 70 0.0015 73
0.5 70 0.0020 74
0.6 70 0.0020 69
0.7 70 0.0030 69
0.8 70 0.0020 69
0.1 90 0.0020 153
0.2 90 0.0020 120
0.3 90 0.0060 95
0.4 90 0.0031 93
0.5 90 0.0051 89
0.6 90 0.0061 91
0.7 90 0.0040 89
0.8 90 0.0040 89
0.1 100 0.0020 197
0.2 100 0.0040 113
0.3 100 0.0030 104
0.4 100 0.0050 101
0.5 100 0.0040 100
0.6 100 0.0065 99
0.7 100 0.0060 99
0.8 100 0.0075 99
0.1 120 0.0055 198
0.2 120 0.0035 130
0.3 120 0.0035 121
0.4 120 0.0065 119
0.5 120 0.0080 119
0.6 120 0.0066 119
0.7 120 0.0065 119
0.8 120 0.0070 119
0.1 150 0.0056 197
0.2 150 0.0086 159
0.3 150 0.0085 151
0.4 150 0.0077 149
0.5 150 0.0086 149
0.6 150 0.0085 149
0.7 150 0.0116 149
0.8 150 0.0115 149
0.1 180 0.0067 211
0.2 180 0.0106 180
0.3 180 0.0091 179
0.4 180 0.0107 179
0.5 180 0.0182 179
0.6 180 0.0132 179
0.7 180 0.0157 179
0.8 180 0.0187 179
0.1 200 0.0103 230
0.2 200 0.0126 202
0.3 200 0.0107 199
0.4 200 0.0126 199
0.5 200 0.0148 199
0.6 200 0.0145 199
0.7 200 0.0202 199
0.8 200 0.0205 199
0.1 20 0.0000 98
0.2 20 0.0010 61
0.3 20 0.0000 47
0.4 20 0.0000 31
0.5 20 0.0000 35
0.6 20 0.0000 24
0.7 20 0.0020 24
0.8 20 0.0000 24
0.1 50 0.0000 166
0.2 50 0.0010 85
0.3 50 0.0000 68
0.4 50 0.0010 56
0.5 50 0.0010 53
0.6 50 0.0010 50
0.7 50 0.0010 52
0.8 50 0.0014 49
0.1 70 0.0010 176
0.2 70 0.0020 96
0.3 70 0.0020 77
0.4 70 0.0020 72
0.5 70 0.0021 69
0.6 70 0.0020 70
0.7 70 0.0031 69
0.8 70 0.0030 69
0.1 90 0.0030 199
0.2 90 0.0030 107
0.3 90 0.0035 96
0.4 90 0.0050 92
0.5 90 0.0031 92
0.6 90 0.0031 89
0.7 90 0.0030 89
0.8 90 0.0041 89
0.1 100 0.0030 182
0.2 100 0.0031 112
0.3 100 0.0046 106
0.4 100 0.0040 104
0.5 100 0.0051 100
0.6 100 0.0040 99
0.7 100 0.0040 99
0.8 100 0.0049 100
0.1 120 0.0030 196
0.2 120 0.0035 129
0.3 120 0.0065 122
0.4 120 0.0072 120
0.5 120 0.0045 119
0.6 120 0.0060 119
0.7 120 0.0075 119
0.8 120 0.0065 119
0.1 150 0.0065 214
0.2 150 0.0040 157
0.3 150 0.0095 151
0.4 150 0.0075 150
0.5 150 0.0086 149
0.6 150 0.0094 149
0.7 150 0.0127 149
0.8 150 0.0151 149
0.1 180 0.0060 222
0.2 180 0.0106 184
0.3 180 0.0070 179
0.4 180 0.0096 179
0.5 180 0.0132 179
0.6 180 0.0147 179
0.7 180 0.0160 179
0.8 180 0.0212 179
0.1 200 0.0070 237
0.2 200 0.0136 200
0.3 200 0.0102 199
0.4 200 0.0116 199
0.5 200 0.0160 200
0.6 200 0.0155 199
0.7 200 0.0197 199
0.8 200 0.0231 199
0.1 20 0.0000 98
0.2 20 0.0000 68
0.3 20 0.0000 46
0.4 20 0.0000 39
0.5 20 0.0000 41
0.6 20 0.0000 29
0.7 20 0.0015 23
0.8 20 0.0010 25
0.1 50 0.0000 166
0.2 50 0.0010 83
0.3 50 0.0000 77
0.4 50 0.0010 57
0.5 50 0.0010 53
0.6 50 0.0012 52
0.7 50 0.0020 49
0.8 50 0.0020 52
0.1 70 0.0015 158
0.2 70 0.0020 102
0.3 70 0.0020 78
0.4 70 0.0035 74
0.5 70 0.0020 73
0.6 70 0.0023 69
0.7 70 0.0020 71
0.8 70 0.0020 69
0.1 90 0.0010 189
0.2 90 0.0025 107
0.3 90 0.0020 96
0.4 90 0.0041 93
0.5 90 0.0020 91
0.6 90 0.0032 92
0.7 90 0.0042 89
0.8 90 0.0040 89
0.1 100 0.0020 168
0.2 100 0.0040 109
0.3 100 0.0027 108
0.4 100 0.0066 100
0.5 100 0.0036 102
0.6 100 0.0035 100
0.7 100 0.0045 99
0.8 100 0.0056 99
0.1 120 0.0030 172
0.2 120 0.0050 132
0.3 120 0.0050 121
0.4 120 0.0041 119
0.5 120 0.0081 119
0.6 120 0.0056 119
0.7 120 0.0062 119
0.8 120 0.0067 119
0.1 150 0.0056 204
0.2 150 0.0068 161
0.3 150 0.0060 151
0.4 150 0.0070 149
0.5 150 0.0073 149
0.6 150 0.0086 149
0.7 150 0.0106 149
0.8 150 0.0111 149
0.1 180 0.0067 217
0.2 180 0.0101 191
0.3 180 0.0131 180
0.4 180 0.0086 179
0.5 180 0.0114 179
0.6 180 0.0125 179
0.7 180 0.0176 179
0.8 180 0.0291 179
0.1 200 0.0096 234
0.2 200 0.0125 201
0.3 200 0.0162 199
0.4 200 0.0131 199
0.5 200 0.0255 199
0.6 200 0.0158 199
0.7 200 0.0241 199
0.8 200 0.0228 199
